time	# 18965
1	5.59
1.1	5.71
1.2	5.72
1.3	5.43
1.4	5.21
1.5	5.16
1.6	5.06
1.7	4.82
1.8	4.63
1.9	4.53
2	4.42
2.1	4.24
2.2	4.1
2.3	4.01
2.4	3.92
2.5	3.8
2.6	3.7
2.7	3.64
2.8	3.59
2.9	3.51
3	3.45
3.1	3.44
3.2	3.43
3.3	3.38
3.4	3.37
3.5	3.39
3.6	3.4
3.7	3.39
3.8	3.4
3.9	3.44
4	3.46
4.1	3.46
4.2	3.47
4.3	3.5
4.4	3.51
4.5	3.49
4.6	3.47
4.7	3.47
4.8	3.44
4.9	3.39
5	3.35
5.1	3.33
5.2	3.29
5.3	3.24
5.4	3.2
5.5	3.18
5.6	3.15
5.7	3.12
5.8	3.09
5.9	3.08
6	3.06
6.1	3.04
6.2	3.03
6.3	3.03
6.4	3.03
6.5	3.04
6.6	3.06
6.7	3.1
6.8	3.14
6.9	3.19
7	3.24
7.1	3.29
7.2	3.33
7.3	3.37
7.4	3.4
7.5	3.42
7.6	3.42
7.7	3.41
7.8	3.38
7.9	3.34
8	3.29
8.1	3.23
8.2	3.17
8.3	3.1
8.4	3.04
8.5	2.97
8.6	2.91
8.7	2.85
8.8	2.8
8.9	2.75
9	2.72
9.1	2.68
9.2	2.66
9.3	2.64
9.4	2.63
9.5	2.62
9.6	2.63
9.7	2.65
9.8	2.68
9.9	2.72
10	2.78
10.1	2.85
10.2	2.94
10.3	3.03
10.4	3.13
10.5	3.24
10.6	3.35
10.7	3.46
10.8	3.56
10.9	3.66
11	3.76
11.1	3.84
11.2	3.92
11.3	3.99
11.4	4.06
11.5	4.13
11.6	4.19
11.7	4.25
11.8	4.32
11.9	4.4
12	4.49
12.1	4.59
12.2	4.7
12.3	4.82
12.4	4.95
12.5	5.09
12.6	5.23
12.7	5.38
12.8	5.52
12.9	5.66
13	5.78
13.1	5.9
13.2	6
13.3	6.07
13.4	6.13
13.5	6.17
13.6	6.18
13.7	6.17
13.8	6.13
13.9	6.07
14	5.99
14.1	5.88
14.2	5.75
14.3	5.6
14.4	5.43
14.5	5.24
14.6	5.04
14.7	4.83
14.8	4.61
14.9	4.37
15	4.13
15.1	3.89
15.2	3.65
15.3	3.41
15.4	3.18
15.5	2.97
15.6	2.79
15.7	2.63
15.8	2.5
15.9	2.41
16	2.36
16.1	2.34
16.2	2.35
16.3	2.39
16.4	2.44
16.5	2.5
16.6	2.56
16.7	2.62
16.8	2.67
16.9	2.72
17	2.75
17.1	2.77
17.2	2.78
17.3	2.78
17.4	2.76
17.5	2.74
17.6	2.72
17.7	2.69
17.8	2.66
17.9	2.64
18	2.63
18.1	2.64
18.2	2.66
18.3	2.71
18.4	2.77
18.5	2.86
18.6	2.97
18.7	3.11
18.8	3.26
18.9	3.42
19	3.6
19.1	3.78
19.2	3.98
19.3	4.17
19.4	4.36
19.5	4.57
19.6	4.76
19.7	4.93
19.8	5.09
19.9	5.25
20	5.4
20.1	5.51
20.2	5.61
20.3	5.72
20.4	5.79
20.5	5.82
20.6	5.84
20.7	5.86
20.8	5.86
20.9	5.82
21	5.76
21.1	5.72
21.2	5.66
21.3	5.58
21.4	5.49
21.5	5.42
21.6	5.34
21.7	5.23
21.8	5.15
21.9	5.1
22	5.02
22.1	4.9
22.2	4.82
22.3	4.78
22.4	4.72
22.5	4.64
22.6	4.58
22.7	4.53
22.8	4.48
22.9	4.42
23	4.38
23.1	4.34
23.2	4.3
23.3	4.26
23.4	4.23
23.5	4.18
23.6	4.14
23.7	4.11
23.8	4.09
23.9	4.07
24	4.07
24.1	4.06
24.2	4.05
24.3	4.07
24.4	4.11
24.5	4.12
24.6	4.11
24.7	4.12
24.8	4.17
24.9	4.22
25	4.24
25.1	4.27
25.2	4.31
25.3	4.32
25.4	4.32
25.5	4.3
25.6	4.32
25.7	4.35
25.8	4.34
25.9	4.3
26	4.27
26.1	4.27
26.2	4.27
26.3	4.25
26.4	4.22
26.5	4.22
26.6	4.2
26.7	4.17
26.8	4.15
26.9	4.12
27	4.06
27.1	3.99
27.2	3.92
27.3	3.88
27.4	3.85
27.5	3.78
27.6	3.71
27.7	3.66
27.8	3.6
27.9	3.5
28	3.42
28.1	3.38
28.2	3.34
28.3	3.28
28.4	3.21
28.5	3.18
28.6	3.16
28.7	3.15
28.8	3.14
28.9	3.15
29	3.16
29.1	3.17
29.2	3.17
29.3	3.2
29.4	3.23
29.5	3.23
29.6	3.25
29.7	3.27
29.8	3.3
29.9	3.32
30	3.36
30.1	3.41
30.2	3.46
30.3	3.51
30.4	3.58
30.5	3.65
30.6	3.74
30.7	3.85
30.8	3.98
30.9	4.1
31	4.22
31.1	4.36
31.2	4.52
31.3	4.66
31.4	4.79
31.5	4.93
31.6	5.08
31.7	5.19
31.8	5.27
31.9	5.33
32	5.38
32.1	5.39
32.2	5.36
32.3	5.35
32.4	5.34
32.5	5.29
32.6	5.22
32.7	5.22
32.8	5.21
32.9	5.15
33	5.1
33.1	5.11
33.2	5.11
33.3	5.06
33.4	5.03
33.5	5.03
33.6	4.99
33.7	4.92
33.8	4.85
33.9	4.8
34	4.73
34.1	4.62
34.2	4.5
34.3	4.37
34.4	4.24
34.5	4.06
34.6	3.86
34.7	3.68
34.8	3.52
34.9	3.34
35	3.17
35.1	3.06
35.2	2.96
35.3	2.85
35.4	2.77
35.5	2.75
35.6	2.74
35.7	2.73
35.8	2.75
35.9	2.77
36	2.81
36.1	2.86
36.2	2.92
36.3	2.98
36.4	3.04
36.5	3.12
36.6	3.19
36.7	3.27
36.8	3.34
36.9	3.43
37	3.52
37.1	3.61
37.2	3.71
37.3	3.81
37.4	3.92
37.5	4.03
37.6	4.15
37.7	4.27
37.8	4.41
37.9	4.55
38	4.69
38.1	4.85
38.2	5.02
38.3	5.19
38.4	5.35
38.5	5.52
38.6	5.7
38.7	5.87
38.8	6.01
38.9	6.16
39	6.31
39.1	6.43
39.2	6.51
39.3	6.61
39.4	6.7
39.5	6.77
39.6	6.82
39.7	6.87
39.8	6.9
39.9	6.95
40	7.02
40.1	7.07
40.2	7.12
40.3	7.2
40.4	7.26
40.5	7.3
40.6	7.37
40.7	7.47
40.8	7.52
40.9	7.52
41	7.54
41.1	7.58
41.2	7.6
41.3	7.59
41.4	7.59
41.5	7.59
41.6	7.56
41.7	7.5
41.8	7.46
41.9	7.42
42	7.34
42.1	7.23
42.2	7.12
42.3	7.05
42.4	6.96
42.5	6.82
42.6	6.7
42.7	6.63
42.8	6.56
42.9	6.44
43	6.31
43.1	6.24
43.2	6.18
43.3	6.09
43.4	6.02
43.5	5.95
43.6	5.85
43.7	5.74
43.8	5.69
43.9	5.65
44	5.56
44.1	5.46
44.2	5.38
44.3	5.28
44.4	5.14
44.5	5
44.6	4.87
44.7	4.72
44.8	4.54
44.9	4.37
45	4.2
45.1	4.01
45.2	3.82
45.3	3.66
45.4	3.49
45.5	3.31
45.6	3.13
45.7	2.98
45.8	2.85
45.9	2.7
46	2.58
46.1	2.5
46.2	2.39
46.3	2.28
46.4	2.23
46.5	2.22
46.6	2.17
46.7	2.13
46.8	2.18
46.9	2.23
47	2.23
47.1	2.25
47.2	2.35
47.3	2.48
47.4	2.59
47.5	2.71
47.6	2.89
47.7	3.1
47.8	3.29
47.9	3.5
48	3.74
48.1	4
48.2	4.24
48.3	4.48
48.4	4.75
48.5	5
48.6	5.24
48.7	5.47
48.8	5.72
48.9	5.95
49	6.17
49.1	6.37
49.2	6.57
49.3	6.78
49.4	6.97
49.5	7.13
49.6	7.29
49.7	7.48
49.8	7.66
49.9	7.81
50	7.94
50.1	8.11
50.2	8.29
50.3	8.43
50.4	8.57
50.5	8.75
50.6	8.93
50.7	9.07
50.8	9.2
50.9	9.37
51	9.54
51.1	9.66
51.2	9.78
51.3	9.92
51.4	10
51.5	10.1
51.6	10.2
51.7	10.3
51.8	10.4
51.9	10.4
52	10.5
52.1	10.5
52.2	10.5
52.3	10.6
52.4	10.6
52.5	10.6
52.6	10.5
52.7	10.5
52.8	10.5
52.9	10.4
53	10.4
53.1	10.3
53.2	10.2
53.3	10.1
53.4	10
53.5	9.92
53.6	9.81
53.7	9.69
53.8	9.56
53.9	9.44
54	9.31
54.1	9.15
54.2	9.01
54.3	8.89
54.4	8.73
54.5	8.55
54.6	8.4
54.7	8.28
54.8	8.09
54.9	7.87
55	7.69
55.1	7.54
55.2	7.31
55.3	7.05
55.4	6.88
55.5	6.72
55.6	6.46
55.7	6.19
55.8	6.02
55.9	5.83
56	5.52
56.1	5.21
56.2	5
56.3	4.77
56.4	4.43
56.5	4.08
56.6	3.82
56.7	3.54
56.8	3.05
56.9	2.56
57	2.28
57.1	2.03
57.2	1.71
57.3	1.48
57.4	1.4
57.5	1.4
57.6	1.46
57.7	1.61
57.8	1.81
57.9	2.03
58	2.27
58.1	2.52
58.2	2.77
58.3	3.02
58.4	3.27
58.5	3.52
58.6	3.76
58.7	4
58.8	4.25
58.9	4.49
59	4.73
59.1	4.97
59.2	5.22
59.3	5.46
59.4	5.71
59.5	5.97
59.6	6.23
59.7	6.48
59.8	6.74
59.9	7
60	7.29
60.1	7.56
60.2	7.82
60.3	8.09
60.4	8.39
60.5	8.67
60.6	8.92
60.7	9.19
60.8	9.48
60.9	9.74
61	9.98
61.1	10.2
61.2	10.5
61.3	10.7
61.4	10.9
61.5	11.1
61.6	11.3
61.7	11.4
61.8	11.6
61.9	11.7
62	11.9
62.1	12
62.2	12.1
62.3	12.2
62.4	12.3
62.5	12.4
62.6	12.4
62.7	12.5
62.8	12.5
62.9	12.6
63	12.7
63.1	12.7
63.2	12.7
63.3	12.7
63.4	12.7
63.5	12.7
63.6	12.7
63.7	12.7
63.8	12.7
63.9	12.6
64	12.5
64.1	12.4
64.2	12.4
64.3	12.3
64.4	12.2
64.5	12
64.6	11.9
64.7	11.7
64.8	11.5
64.9	11.3
65	11.1
65.1	10.9
65.2	10.7
65.3	10.5
65.4	10.2
65.5	9.93
65.6	9.68
65.7	9.45
65.8	9.17
65.9	8.89
66	8.63
66.1	8.33
66.2	7.99
66.3	7.71
66.4	7.47
66.5	7.18
66.6	6.84
66.7	6.54
66.8	6.29
66.9	6.02
67	5.71
67.1	5.41
67.2	5.14
67.3	4.88
67.4	4.63
67.5	4.42
67.6	4.24
67.7	4.08
67.8	3.93
67.9	3.81
68	3.72
68.1	3.68
68.2	3.67
68.3	3.64
68.4	3.62
68.5	3.66
68.6	3.72
68.7	3.77
68.8	3.83
68.9	3.94
69	4.03
69.1	4.1
69.2	4.21
69.3	4.37
69.4	4.49
69.5	4.61
69.6	4.77
69.7	4.96
69.8	5.13
69.9	5.31
70	5.5
70.1	5.7
70.2	5.9
70.3	6.1
70.4	6.31
70.5	6.54
70.6	6.77
70.7	6.99
70.8	7.21
70.9	7.44
71	7.66
71.1	7.87
71.2	8.09
71.3	8.31
71.4	8.52
71.5	8.72
71.6	8.92
71.7	9.13
71.8	9.34
71.9	9.52
72	9.7
72.1	9.91
72.2	10.1
72.3	10.3
72.4	10.5
72.5	10.7
72.6	10.9
72.7	11.1
72.8	11.3
72.9	11.6
73	11.8
73.1	12
73.2	12.2
73.3	12.5
73.4	12.7
73.5	12.9
73.6	13.1
73.7	13.3
73.8	13.5
73.9	13.6
74	13.7
74.1	13.9
74.2	13.9
74.3	13.9
74.4	14
74.5	14
74.6	14
74.7	13.9
74.8	13.8
74.9	13.7
75	13.5
75.1	13.3
75.2	13.2
75.3	13
75.4	12.8
75.5	12.5
75.6	12.3
75.7	12.1
75.8	11.8
75.9	11.5
76	11.3
76.1	11
76.2	10.7
76.3	10.4
76.4	10.1
76.5	9.89
76.6	9.57
76.7	9.27
76.8	9.04
76.9	8.82
77	8.54
77.1	8.28
77.2	8.08
77.3	7.88
77.4	7.66
77.5	7.47
77.6	7.34
77.7	7.2
77.8	7.02
77.9	6.88
78	6.83
78.1	6.75
78.2	6.63
78.3	6.57
78.4	6.58
78.5	6.56
78.6	6.49
78.7	6.47
78.8	6.5
78.9	6.52
79	6.48
79.1	6.46
79.2	6.5
79.3	6.51
79.4	6.42
79.5	6.27
79.6	6.22
79.7	6.2
79.8	6.12
79.9	6.05
80	6.06
80.1	6.09
80.2	6.09
80.3	6.09
80.4	6.14
80.5	6.16
80.6	6.17
80.7	6.24
80.8	6.35
80.9	6.41
81	6.46
81.1	6.57
81.2	6.7
81.3	6.79
81.4	6.88
81.5	7.01
81.6	7.14
81.7	7.24
81.8	7.35
81.9	7.53
82	7.68
82.1	7.77
82.2	7.88
82.3	8.04
82.4	8.18
82.5	8.3
82.6	8.41
82.7	8.56
82.8	8.7
82.9	8.79
83	8.88
83.1	9
83.2	9.09
83.3	9.16
83.4	9.28
83.5	9.4
83.6	9.46
83.7	9.52
83.8	9.63
83.9	9.72
84	9.77
84.1	9.83
84.2	9.93
84.3	10
84.4	10.1
84.5	10.1
84.6	10.2
84.7	10.3
84.8	10.3
84.9	10.4
85	10.4
85.1	10.5
85.2	10.6
85.3	10.6
85.4	10.7
85.5	10.7
85.6	10.7
85.7	10.7
85.8	10.7
85.9	10.7
86	10.7
86.1	10.6
86.2	10.6
86.3	10.5
86.4	10.5
86.5	10.4
86.6	10.3
86.7	10.2
86.8	10.1
86.9	10
87	9.88
87.1	9.76
87.2	9.63
87.3	9.47
87.4	9.29
87.5	9.15
87.6	9
87.7	8.81
87.8	8.65
87.9	8.52
88	8.38
88.1	8.19
88.2	8.03
88.3	7.91
88.4	7.79
88.5	7.64
88.6	7.51
88.7	7.42
88.8	7.34
88.9	7.26
89	7.17
89.1	7.11
89.2	7.07
89.3	7.02
89.4	6.99
89.5	6.99
89.6	7
89.7	6.97
89.8	6.93
89.9	6.97
90	7.02
90.1	7
90.2	6.97
90.3	6.99
90.4	7
90.5	6.97
90.6	6.94
90.7	6.94
90.8	6.98
90.9	7.01
91	7.01
91.1	7.02
91.2	7.04
91.3	7.04
91.4	7.02
91.5	7.01
91.6	7.01
91.7	6.99
91.8	6.97
91.9	6.96
92	6.97
92.1	6.96
92.2	6.93
92.3	6.92
92.4	6.94
92.5	6.97
92.6	6.98
92.7	6.98
92.8	7
92.9	7.04
93	7.08
93.1	7.12
93.2	7.19
93.3	7.26
93.4	7.32
93.5	7.39
93.6	7.49
93.7	7.59
93.8	7.64
93.9	7.71
94	7.82
94.1	7.92
94.2	7.98
94.3	8.04
94.4	8.15
94.5	8.27
94.6	8.35
94.7	8.41
94.8	8.5
94.9	8.61
95	8.69
95.1	8.75
95.2	8.84
95.3	8.95
95.4	9.02
95.5	9.06
95.6	9.14
95.7	9.23
95.8	9.29
95.9	9.34
96	9.43
96.1	9.54
96.2	9.6
96.3	9.63
96.4	9.69
96.5	9.79
96.6	9.83
96.7	9.83
96.8	9.89
96.9	9.97
97	9.98
97.1	9.97
97.2	10
97.3	10.1
97.4	10.1
97.5	9.98
97.6	9.95
97.7	9.97
97.8	9.96
97.9	9.86
98	9.75
98.1	9.72
98.2	9.68
98.3	9.57
98.4	9.43
98.5	9.36
98.6	9.29
98.7	9.15
98.8	9.01
98.9	8.92
99	8.8
99.1	8.62
99.2	8.43
99.3	8.31
99.4	8.15
99.5	7.93
99.6	7.71
99.7	7.55
99.8	7.36
99.9	7.1
100	6.83
100.1	6.61
100.2	6.38
100.3	6.11
100.4	5.84
100.5	5.62
100.6	5.41
100.7	5.17
100.8	4.93
100.9	4.75
101	4.61
101.1	4.44
101.2	4.29
101.3	4.17
101.4	4.08
101.5	4.01
101.6	3.94
101.7	3.88
101.8	3.85
101.9	3.83
102	3.81
102.1	3.79
102.2	3.81
102.3	3.86
102.4	3.9
102.5	3.93
102.6	3.99
102.7	4.08
102.8	4.15
102.9	4.24
103	4.36
103.1	4.48
103.2	4.61
103.3	4.75
103.4	4.92
103.5	5.07
103.6	5.23
103.7	5.41
103.8	5.6
103.9	5.78
104	5.95
104.1	6.14
104.2	6.33
104.3	6.51
104.4	6.65
104.5	6.82
104.6	7
104.7	7.15
104.8	7.26
104.9	7.4
105	7.57
105.1	7.7
105.2	7.81
105.3	7.95
105.4	8.1
105.5	8.22
105.6	8.33
105.7	8.46
105.8	8.6
105.9	8.72
106	8.83
106.1	8.95
106.2	9.06
106.3	9.15
106.4	9.23
106.5	9.3
106.6	9.35
106.7	9.39
106.8	9.42
106.9	9.45
107	9.45
107.1	9.44
107.2	9.42
107.3	9.4
107.4	9.39
107.5	9.35
107.6	9.3
107.7	9.29
107.8	9.29
107.9	9.26
108	9.25
108.1	9.28
108.2	9.3
108.3	9.28
108.4	9.32
108.5	9.41
108.6	9.42
108.7	9.37
108.8	9.37
108.9	9.39
109	9.36
109.1	9.29
109.2	9.21
109.3	9.14
109.4	9.03
109.5	8.87
109.6	8.73
109.7	8.59
109.8	8.42
109.9	8.2
110	8
110.1	7.84
110.2	7.66
110.3	7.43
110.4	7.25
110.5	7.1
110.6	6.91
110.7	6.71
110.8	6.58
110.9	6.47
111	6.3
111.1	6.11
111.2	5.96
111.3	5.83
111.4	5.64
111.5	5.42
111.6	5.22
111.7	5.03
111.8	4.77
111.9	4.51
112	4.31
112.1	4.1
112.2	3.82
112.3	3.55
112.4	3.37
112.5	3.22
112.6	3.03
112.7	2.85
112.8	2.75
112.9	2.7
113	2.64
113.1	2.6
113.2	2.61
113.3	2.66
113.4	2.69
113.5	2.73
113.6	2.83
113.7	2.95
113.8	3.04
113.9	3.13
114	3.26
114.1	3.4
114.2	3.53
114.3	3.66
114.4	3.8
114.5	3.95
114.6	4.09
114.7	4.2
114.8	4.29
114.9	4.42
115	4.57
115.1	4.71
115.2	4.85
115.3	5
115.4	5.15
115.5	5.31
115.6	5.48
115.7	5.67
115.8	5.86
115.9	6.06
116	6.26
116.1	6.47
116.2	6.69
116.3	6.92
116.4	7.12
116.5	7.33
116.6	7.56
116.7	7.76
116.8	7.91
116.9	8.08
117	8.25
117.1	8.38
117.2	8.49
117.3	8.6
117.4	8.7
117.5	8.79
117.6	8.88
117.7	8.97
117.8	9.06
117.9	9.14
118	9.22
118.1	9.32
118.2	9.44
118.3	9.53
118.4	9.59
118.5	9.65
118.6	9.73
118.7	9.81
118.8	9.86
118.9	9.87
119	9.87
119.1	9.89
119.2	9.87
119.3	9.81
119.4	9.74
119.5	9.68
119.6	9.57
119.7	9.42
119.8	9.26
119.9	9.12
120	8.95
120.1	8.72
120.2	8.48
120.3	8.26
120.4	8.03
120.5	7.76
120.6	7.48
120.7	7.22
120.8	6.96
120.9	6.68
121	6.39
121.1	6.11
121.2	5.83
121.3	5.54
121.4	5.25
121.5	5
121.6	4.73
121.7	4.43
121.8	4.15
121.9	3.88
122	3.56
122.1	3.26
122.2	2.99
122.3	2.73
122.4	2.49
122.5	2.29
122.6	2.1
122.7	1.93
122.8	1.79
122.9	1.71
123	1.65
123.1	1.61
123.2	1.62
123.3	1.66
123.4	1.71
123.5	1.8
123.6	1.91
123.7	2.04
123.8	2.17
123.9	2.31
124	2.46
124.1	2.62
124.2	2.77
124.3	2.93
124.4	3.1
124.5	3.25
124.6	3.4
124.7	3.57
124.8	3.74
124.9	3.89
125	4.04
125.1	4.22
125.2	4.4
125.3	4.54
125.4	4.68
125.5	4.87
125.6	5.07
125.7	5.22
125.8	5.37
125.9	5.57
126	5.79
126.1	5.96
126.2	6.12
126.3	6.33
126.4	6.54
126.5	6.72
126.6	6.91
126.7	7.13
126.8	7.31
126.9	7.46
127	7.61
127.1	7.78
127.2	7.92
127.3	8.02
127.4	8.09
127.5	8.18
127.6	8.23
127.7	8.23
127.8	8.23
127.9	8.23
128	8.18
128.1	8.08
128.2	8.01
128.3	7.95
128.4	7.84
128.5	7.69
128.6	7.58
128.7	7.5
128.8	7.35
128.9	7.16
129	7.05
129.1	6.96
129.2	6.8
129.3	6.61
129.4	6.5
129.5	6.41
129.6	6.24
129.7	6.04
129.8	5.91
129.9	5.81
130	5.65
130.1	5.46
130.2	5.29
130.3	5.13
130.4	4.97
130.5	4.78
130.6	4.59
130.7	4.4
130.8	4.2
130.9	4.01
131	3.81
131.1	3.61
131.2	3.43
131.3	3.28
131.4	3.12
131.5	2.94
131.6	2.8
131.7	2.7
131.8	2.59
131.9	2.51
132	2.49
132.1	2.47
132.2	2.43
132.3	2.44
132.4	2.5
132.5	2.54
132.6	2.57
132.7	2.65
132.8	2.76
132.9	2.84
133	2.91
133.1	3.01
133.2	3.15
133.3	3.27
133.4	3.38
133.5	3.52
133.6	3.67
133.7	3.81
133.8	3.94
133.9	4.11
134	4.3
134.1	4.46
134.2	4.61
134.3	4.81
134.4	5.01
134.5	5.17
134.6	5.34
134.7	5.54
134.8	5.75
134.9	5.93
135	6.11
135.1	6.31
135.2	6.5
135.3	6.67
135.4	6.81
135.5	6.95
135.6	7.09
135.7	7.2
135.8	7.27
135.9	7.33
136	7.38
136.1	7.43
136.2	7.43
136.3	7.41
136.4	7.42
136.5	7.41
136.6	7.37
136.7	7.32
136.8	7.29
136.9	7.27
137	7.23
137.1	7.19
137.2	7.15
137.3	7.09
137.4	7.03
137.5	7
137.6	6.96
137.7	6.88
137.8	6.82
137.9	6.78
138	6.71
138.1	6.63
138.2	6.56
138.3	6.49
138.4	6.43
138.5	6.35
138.6	6.24
138.7	6.14
138.8	6.05
138.9	5.95
139	5.83
139.1	5.73
139.2	5.64
139.3	5.53
139.4	5.39
139.5	5.27
139.6	5.16
139.7	5.04
139.8	4.91
139.9	4.81
140	4.71
140.1	4.56
140.2	4.43
140.3	4.34
140.4	4.23
140.5	4.1
140.6	4.02
140.7	3.93
140.8	3.8
140.9	3.69
141	3.59
141.1	3.47
141.2	3.35
141.3	3.25
141.4	3.15
141.5	3.03
141.6	2.9
141.7	2.79
141.8	2.7
141.9	2.62
142	2.54
142.1	2.49
142.2	2.45
142.3	2.42
142.4	2.41
142.5	2.44
142.6	2.49
142.7	2.54
142.8	2.62
142.9	2.74
143	2.85
143.1	2.96
143.2	3.08
143.3	3.24
143.4	3.39
143.5	3.53
143.6	3.68
143.7	3.85
143.8	4.02
143.9	4.17
144	4.32
144.1	4.49
144.2	4.67
144.3	4.82
144.4	4.98
144.5	5.14
144.6	5.3
144.7	5.46
144.8	5.61
144.9	5.78
145	5.93
145.1	6.07
145.2	6.23
145.3	6.39
145.4	6.54
145.5	6.68
145.6	6.8
145.7	6.92
145.8	7.03
145.9	7.12
146	7.19
146.1	7.26
146.2	7.32
146.3	7.36
146.4	7.38
146.5	7.41
146.6	7.44
146.7	7.43
146.8	7.42
146.9	7.44
147	7.43
147.1	7.36
147.2	7.31
147.3	7.3
147.4	7.28
147.5	7.19
147.6	7.1
147.7	7.09
147.8	7.07
147.9	6.95
148	6.87
148.1	6.85
148.2	6.79
148.3	6.65
148.4	6.54
148.5	6.5
148.6	6.39
148.7	6.2
148.8	6.06
148.9	5.99
149	5.86
149.1	5.64
149.2	5.48
149.3	5.38
149.4	5.23
149.5	5.02
149.6	4.85
149.7	4.76
149.8	4.62
149.9	4.39
150	4.21
150.1	4.09
150.2	3.95
150.3	3.76
150.4	3.6
150.5	3.51
150.6	3.41
150.7	3.27
150.8	3.2
150.9	3.19
151	3.13
151.1	3.02
151.2	2.98
151.3	2.99
151.4	2.96
151.5	2.92
151.6	2.92
151.7	2.94
151.8	2.94
151.9	2.94
152	2.98
152.1	3.02
152.2	3.04
152.3	3.08
152.4	3.17
152.5	3.24
152.6	3.3
152.7	3.38
152.8	3.48
152.9	3.58
153	3.66
153.1	3.77
153.2	3.9
153.3	4.02
153.4	4.12
153.5	4.25
153.6	4.41
153.7	4.56
153.8	4.7
153.9	4.86
154	5.04
154.1	5.18
154.2	5.32
154.3	5.47
154.4	5.63
154.5	5.78
154.6	5.9
154.7	6.02
154.8	6.14
154.9	6.25
155	6.35
155.1	6.42
155.2	6.48
155.3	6.56
155.4	6.62
155.5	6.64
155.6	6.62
155.7	6.64
155.8	6.65
155.9	6.63
156	6.59
156.1	6.58
156.2	6.56
156.3	6.51
156.4	6.44
156.5	6.4
156.6	6.38
156.7	6.33
156.8	6.24
156.9	6.16
157	6.09
157.1	6.01
157.2	5.87
157.3	5.74
157.4	5.67
157.5	5.57
157.6	5.4
157.7	5.26
157.8	5.16
157.9	5.03
158	4.85
158.1	4.71
158.2	4.64
158.3	4.52
158.4	4.33
158.5	4.19
158.6	4.11
158.7	4.03
158.8	3.89
158.9	3.81
159	3.81
159.1	3.77
159.2	3.67
159.3	3.64
159.4	3.7
159.5	3.73
159.6	3.69
159.7	3.71
159.8	3.77
159.9	3.81
160	3.8
160.1	3.82
160.2	3.89
160.3	3.93
160.4	3.94
160.5	3.97
160.6	4.03
160.7	4.09
160.8	4.11
160.9	4.14
161	4.22
161.1	4.31
161.2	4.36
161.3	4.42
161.4	4.52
161.5	4.61
161.6	4.67
161.7	4.76
161.8	4.87
161.9	4.97
162	5.06
162.1	5.15
162.2	5.23
162.3	5.3
162.4	5.38
162.5	5.47
162.6	5.54
162.7	5.59
162.8	5.62
162.9	5.64
163	5.65
163.1	5.69
163.2	5.71
163.3	5.72
163.4	5.72
163.5	5.74
163.6	5.76
163.7	5.77
163.8	5.78
163.9	5.81
164	5.84
164.1	5.88
164.2	5.93
164.3	5.97
164.4	6
164.5	6.04
164.6	6.07
164.7	6.09
164.8	6.12
164.9	6.13
165	6.14
165.1	6.14
165.2	6.13
165.3	6.13
165.4	6.11
165.5	6.06
165.6	6.04
165.7	6.06
165.8	6.06
165.9	6.01
166	5.96
166.1	5.96
166.2	5.95
166.3	5.91
166.4	5.9
166.5	5.92
166.6	5.89
166.7	5.84
166.8	5.83
166.9	5.83
167	5.77
167.1	5.71
167.2	5.7
167.3	5.69
167.4	5.62
167.5	5.54
167.6	5.49
167.7	5.44
167.8	5.35
167.9	5.25
168	5.19
168.1	5.13
168.2	5.03
168.3	4.92
168.4	4.86
168.5	4.79
168.6	4.66
168.7	4.55
168.8	4.51
168.9	4.48
169	4.39
169.1	4.3
169.2	4.26
169.3	4.21
169.4	4.15
169.5	4.11
169.6	4.09
169.7	4.07
169.8	4.04
169.9	4.03
170	4.05
170.1	4.06
170.2	4.03
170.3	4.06
170.4	4.13
170.5	4.16
170.6	4.16
170.7	4.2
170.8	4.29
170.9	4.34
171	4.36
171.1	4.45
171.2	4.57
171.3	4.63
171.4	4.67
171.5	4.79
171.6	4.93
171.7	5.02
171.8	5.09
171.9	5.22
172	5.37
172.1	5.49
172.2	5.6
172.3	5.74
172.4	5.9
172.5	6.04
172.6	6.16
172.7	6.3
172.8	6.46
172.9	6.58
173	6.68
173.1	6.81
173.2	6.96
173.3	7.07
173.4	7.13
173.5	7.23
173.6	7.35
173.7	7.42
173.8	7.44
173.9	7.49
174	7.57
174.1	7.58
174.2	7.53
174.3	7.54
174.4	7.56
174.5	7.51
174.6	7.43
174.7	7.37
174.8	7.34
174.9	7.25
175	7.1
175.1	7
175.2	6.93
175.3	6.81
175.4	6.64
175.5	6.49
175.6	6.38
175.7	6.22
175.8	6.01
175.9	5.81
176	5.67
176.1	5.49
176.2	5.28
176.3	5.1
176.4	4.96
176.5	4.78
176.6	4.6
176.7	4.48
176.8	4.36
176.9	4.19
177	4.04
177.1	3.97
177.2	3.89
177.3	3.79
177.4	3.72
177.5	3.68
177.6	3.64
177.7	3.59
177.8	3.57
177.9	3.59
178	3.59
178.1	3.6
178.2	3.64
178.3	3.69
178.4	3.74
178.5	3.81
178.6	3.91
178.7	4.01
178.8	4.1
178.9	4.21
179	4.34
179.1	4.5
179.2	4.66
179.3	4.81
179.4	4.98
179.5	5.16
179.6	5.33
179.7	5.5
179.8	5.69
179.9	5.88
180	6.05
180.1	6.2
180.2	6.34
180.3	6.5
180.4	6.67
180.5	6.81
180.6	6.94
180.7	7.08
180.8	7.21
180.9	7.3
181	7.4
181.1	7.51
181.2	7.59
181.3	7.65
181.4	7.73
181.5	7.8
181.6	7.84
181.7	7.86
181.8	7.89
181.9	7.91
182	7.89
182.1	7.88
182.2	7.89
182.3	7.89
182.4	7.84
182.5	7.77
182.6	7.73
182.7	7.67
182.8	7.58
182.9	7.49
183	7.41
183.1	7.32
183.2	7.2
183.3	7.07
183.4	6.96
183.5	6.87
183.6	6.78
183.7	6.66
183.8	6.54
183.9	6.44
184	6.34
184.1	6.2
184.2	6.1
184.3	6.03
184.4	5.94
184.5	5.83
184.6	5.73
184.7	5.69
184.8	5.64
184.9	5.55
185	5.5
185.1	5.51
185.2	5.52
185.3	5.47
185.4	5.45
185.5	5.5
185.6	5.54
185.7	5.54
185.8	5.55
185.9	5.57
186	5.56
186.1	5.59
186.2	5.64
186.3	5.65
186.4	5.63
186.5	5.68
186.6	5.75
186.7	5.74
186.8	5.71
186.9	5.77
187	5.85
187.1	5.84
187.2	5.85
187.3	5.92
187.4	5.98
187.5	6
187.6	6.06
187.7	6.16
187.8	6.23
187.9	6.29
188	6.4
188.1	6.53
188.2	6.65
188.3	6.74
188.4	6.86
188.5	6.98
188.6	7.08
188.7	7.15
188.8	7.21
188.9	7.25
189	7.3
189.1	7.34
189.2	7.35
189.3	7.31
189.4	7.27
189.5	7.27
189.6	7.24
189.7	7.17
189.8	7.09
189.9	7.05
190	7.03
190.1	6.96
190.2	6.87
190.3	6.83
190.4	6.81
190.5	6.75
190.6	6.67
190.7	6.63
190.8	6.64
190.9	6.6
191	6.51
191.1	6.48
191.2	6.49
191.3	6.46
191.4	6.38
191.5	6.31
191.6	6.31
191.7	6.27
191.8	6.16
191.9	6.08
192	6.07
192.1	6.05
192.2	5.97
192.3	5.91
192.4	5.94
192.5	5.96
192.6	5.92
192.7	5.92
192.8	6.01
192.9	6.08
193	6.11
193.1	6.17
193.2	6.28
193.3	6.37
193.4	6.44
193.5	6.53
193.6	6.64
193.7	6.72
193.8	6.76
193.9	6.82
194	6.89
194.1	6.95
194.2	6.99
194.3	7.01
194.4	7.04
194.5	7.07
194.6	7.07
194.7	7.06
194.8	7.06
194.9	7.04
195	7.03
195.1	7.01
195.2	6.98
195.3	6.96
195.4	6.97
195.5	6.97
195.6	6.94
195.7	6.93
195.8	6.95
195.9	6.96
196	6.93
196.1	6.91
196.2	6.93
196.3	6.92
196.4	6.87
196.5	6.84
196.6	6.83
196.7	6.81
196.8	6.77
196.9	6.75
197	6.73
197.1	6.7
197.2	6.66
197.3	6.64
197.4	6.64
197.5	6.62
197.6	6.6
197.7	6.6
197.8	6.58
197.9	6.56
198	6.55
198.1	6.56
198.2	6.56
198.3	6.57
198.4	6.6
198.5	6.62
198.6	6.62
198.7	6.65
198.8	6.7
198.9	6.74
199	6.76
199.1	6.8
199.2	6.86
199.3	6.92
199.4	6.97
199.5	7.03
199.6	7.11
199.7	7.22
199.8	7.33
199.9	7.42
200	7.52
200.1	7.65
200.2	7.77
200.3	7.87
200.4	7.98
200.5	8.11
200.6	8.21
200.7	8.31
200.8	8.39
200.9	8.46
201	8.55
201.1	8.63
201.2	8.7
201.3	8.73
201.4	8.75
201.5	8.77
201.6	8.81
201.7	8.84
201.8	8.84
201.9	8.83
202	8.83
202.1	8.79
202.2	8.73
202.3	8.68
202.4	8.64
202.5	8.57
202.6	8.45
202.7	8.31
202.8	8.22
202.9	8.11
203	7.94
203.1	7.78
203.2	7.66
203.3	7.51
203.4	7.32
203.5	7.12
203.6	6.97
203.7	6.81
203.8	6.6
203.9	6.4
204	6.25
204.1	6.08
204.2	5.87
204.3	5.68
204.4	5.55
204.5	5.41
204.6	5.23
204.7	5.07
204.8	4.97
204.9	4.88
205	4.76
205.1	4.65
205.2	4.61
205.3	4.58
205.4	4.53
205.5	4.51
205.6	4.67
205.7	4.75
205.8	4.76
205.9	4.76
206	4.85
206.1	4.97
206.2	5.09
206.3	5.22
206.4	5.39
206.5	5.56
206.6	5.69
206.7	5.84
206.8	6.02
206.9	6.2
207	6.4
207.1	6.62
207.2	6.86
207.3	7.08
207.4	7.3
207.5	7.53
207.6	7.77
207.7	8
207.8	8.21
207.9	8.42
208	8.62
208.1	8.81
208.2	8.99
208.3	9.18
208.4	9.35
208.5	9.49
208.6	9.63
208.7	9.79
208.8	9.94
208.9	10
209	10.1
209.1	10.2
209.2	10.3
209.3	10.4
209.4	10.4
209.5	10.5
209.6	10.5
209.7	10.4
209.8	10.4
209.9	10.4
210	10.3
210.1	10.2
210.2	10.1
210.3	9.95
210.4	9.81
210.5	9.65
210.6	9.5
210.7	9.35
210.8	9.16
210.9	8.93
211	8.73
211.1	8.56
211.2	8.36
211.3	8.13
211.4	7.93
211.5	7.72
211.6	7.48
211.7	7.23
211.8	6.98
211.9	6.74
212	6.48
212.1	6.23
212.2	6
212.3	5.77
212.4	5.52
212.5	5.31
212.6	5.13
212.7	4.94
212.8	4.75
212.9	4.58
213	4.49
213.1	4.43
213.2	4.34
213.3	4.25
213.4	4.24
213.5	4.26
213.6	4.26
213.7	4.29
213.8	4.39
213.9	4.5
214	4.57
214.1	4.67
214.2	5.01
214.3	5.33
214.4	5.44
214.5	5.54
214.6	5.7
214.7	5.87
214.8	6.04
214.9	6.22
215	6.43
215.1	6.6
215.2	6.72
215.3	6.83
215.4	6.97
215.5	7.09
215.6	7.2
215.7	7.35
215.8	7.53
215.9	7.7
216	7.83
216.1	7.93
216.2	8.01
216.3	8.12
216.4	8.18
216.5	8.2
216.6	8.22
216.7	8.29
216.8	8.29
216.9	8.24
217	8.23
217.1	8.28
217.2	8.25
217.3	8.16
217.4	8.16
217.5	8.22
217.6	8.22
217.7	8.16
217.8	8.16
217.9	8.2
218	8.2
218.1	8.16
218.2	8.14
218.3	8.14
218.4	8.11
218.5	8.05
218.6	7.99
218.7	7.96
218.8	7.93
218.9	7.86
219	7.8
219.1	7.77
219.2	7.74
219.3	7.68
219.4	7.63
219.5	7.64
219.6	7.62
219.7	7.55
219.8	7.52
219.9	7.57
220	7.59
220.1	7.54
220.2	7.54
220.3	7.63
220.4	7.68
220.5	7.66
220.6	7.69
220.7	7.79
220.8	7.87
220.9	7.88
221	7.92
221.1	8.02
221.2	8.09
221.3	8.09
221.4	8.11
221.5	8.18
221.6	8.24
221.7	8.22
221.8	8.19
221.9	8.23
222	8.28
222.1	8.24
222.2	8.19
222.3	8.22
222.4	8.22
222.5	8.15
222.6	8.12
222.7	8.15
222.8	8.12
222.9	8.01
223	7.94
223.1	7.93
223.2	7.86
223.3	7.71
223.4	7.6
223.5	7.55
223.6	7.46
223.7	7.27
223.8	7.1
223.9	7.01
224	6.85
224.1	6.62
224.2	6.44
224.3	6.33
224.4	6.16
224.5	5.91
224.6	5.71
224.7	5.58
224.8	5.42
224.9	5.21
225	5.04
225.1	4.92
225.2	4.76
225.3	4.61
225.4	4.52
225.5	4.43
225.6	4.31
225.7	4.24
225.8	4.21
225.9	4.17
226	4.13
226.1	4.12
226.2	4.14
226.3	4.15
226.4	4.16
226.5	4.22
226.6	4.29
226.7	4.35
226.8	4.41
226.9	4.5
227	4.61
227.1	4.72
227.2	4.82
227.3	4.94
227.4	5.08
227.5	5.21
227.6	5.33
227.7	5.48
227.8	5.63
227.9	5.77
228	5.9
228.1	6.05
228.2	6.24
228.3	6.47
228.4	6.62
228.5	6.76
228.6	6.91
228.7	7.07
228.8	7.22
228.9	7.39
229	7.58
229.1	7.76
229.2	7.92
229.3	8.08
229.4	8.26
229.5	8.44
229.6	8.61
229.7	8.79
229.8	8.96
229.9	9.13
230	9.27
230.1	9.39
230.2	9.51
230.3	9.6
230.4	9.67
230.5	9.74
230.6	9.78
230.7	9.79
230.8	9.82
230.9	9.84
231	9.83
231.1	9.8
231.2	9.78
231.3	9.75
231.4	9.7
231.5	9.65
231.6	9.61
231.7	9.58
231.8	9.54
231.9	9.47
232	9.4
232.1	9.36
232.2	9.31
232.3	9.21
232.4	9.13
232.5	9.08
232.6	9
232.7	8.87
232.8	8.76
232.9	8.66
233	8.55
233.1	8.42
233.2	8.31
233.3	8.21
233.4	8.06
233.5	7.91
233.6	7.78
233.7	7.63
233.8	7.47
233.9	7.31
234	7.14
234.1	6.96
234.2	6.79
234.3	6.61
234.4	6.42
234.5	6.21
234.6	6
234.7	5.79
234.8	5.58
234.9	5.36
235	5.13
235.1	4.94
235.2	4.76
235.3	4.52
235.4	4.28
235.5	4.09
235.6	3.91
235.7	3.68
235.8	3.46
235.9	3.3
236	3.15
236.1	2.95
236.2	2.76
236.3	2.67
236.4	2.63
236.5	2.55
236.6	2.45
236.7	2.45
236.8	2.52
236.9	2.54
237	2.56
237.1	2.67
237.2	2.82
237.3	2.92
237.4	3.03
237.5	3.19
237.6	3.38
237.7	3.54
237.8	3.69
237.9	3.78
238	3.88
238.1	4.04
238.2	4.21
238.3	4.38
238.4	4.56
238.5	4.73
238.6	4.92
238.7	5.11
238.8	5.31
238.9	5.51
239	5.71
239.1	5.91
239.2	6.11
239.3	6.31
239.4	6.52
239.5	6.72
239.6	6.91
239.7	7.11
239.8	7.3
239.9	7.5
240	7.68
240.1	7.84
240.2	8.01
240.3	8.16
240.4	8.3
240.5	8.41
240.6	8.53
240.7	8.65
240.8	8.74
240.9	8.81
241	8.9
241.1	8.99
241.2	9.05
241.3	9.1
241.4	9.17
241.5	9.24
241.6	9.28
241.7	9.3
241.8	9.35
241.9	9.43
242	9.47
242.1	9.46
242.2	9.49
242.3	9.54
242.4	9.54
242.5	9.5
242.6	9.5
242.7	9.52
242.8	9.49
242.9	9.42
243	9.36
243.1	9.33
243.2	9.26
243.3	9.13
243.4	9
243.5	8.88
243.6	8.74
243.7	8.57
243.8	8.42
243.9	8.26
244	8.05
244.1	7.82
244.2	7.62
244.3	7.42
244.4	7.2
244.5	6.94
244.6	6.71
244.7	6.51
244.8	6.27
244.9	6
245	5.76
245.1	5.57
245.2	5.34
245.3	5.05
245.4	4.82
245.5	4.63
245.6	4.39
245.7	4.12
245.8	3.9
245.9	3.71
246	3.5
246.1	3.18
246.2	2.83
246.3	2.61
246.4	2.41
246.5	2.2
246.6	2.02
246.7	1.9
246.8	1.82
246.9	1.76
247	1.75
247.1	1.78
247.2	1.83
247.3	1.9
247.4	2
247.5	2.12
247.6	2.24
247.7	2.37
247.8	2.51
247.9	2.66
248	2.82
248.1	2.98
248.2	3.15
248.3	3.32
248.4	3.5
248.5	3.68
248.6	3.86
248.7	4.06
248.8	4.27
248.9	4.48
249	4.69
249.1	4.91
249.2	5.15
249.3	5.38
249.4	5.61
249.5	5.84
249.6	6.05
249.7	6.27
249.8	6.5
249.9	6.71
250	6.89
250.1	7.07
250.2	7.26
250.3	7.42
250.4	7.54
250.5	7.65
250.6	7.77
250.7	7.87
250.8	7.93
250.9	7.98
251	8
251.1	8.02
251.2	8.06
251.3	8.04
251.4	7.99
251.5	7.96
251.6	7.92
251.7	7.82
251.8	7.71
251.9	7.64
252	7.54
252.1	7.38
252.2	7.22
252.3	7.11
252.4	6.97
252.5	6.76
252.6	6.57
252.7	6.4
252.8	6.21
252.9	6
253	5.82
253.1	5.63
253.2	5.42
253.3	5.21
253.4	5.01
253.5	4.81
253.6	4.63
253.7	4.45
253.8	4.25
253.9	4.07
254	3.92
254.1	3.77
254.2	3.61
254.3	3.48
254.4	3.39
254.5	3.32
254.6	3.24
254.7	3.16
254.8	3.11
254.9	3.09
255	3.06
255.1	3.03
255.2	3.04
255.3	3.06
255.4	3.07
255.5	3.09
255.6	3.17
255.7	3.24
255.8	3.25
255.9	3.32
256	3.46
256.1	3.57
256.2	3.62
256.3	3.72
256.4	3.88
256.5	4.01
256.6	4.11
256.7	4.25
256.8	4.44
256.9	4.59
257	4.7
257.1	4.85
257.2	5.03
257.3	5.17
257.4	5.28
257.5	5.42
257.6	5.59
257.7	5.72
257.8	5.82
257.9	5.94
258	6.07
258.1	6.16
258.2	6.23
258.3	6.31
258.4	6.39
258.5	6.46
258.6	6.51
258.7	6.54
258.8	6.59
258.9	6.64
259	6.67
259.1	6.69
259.2	6.73
259.3	6.76
259.4	6.78
259.5	6.78
259.6	6.78
259.7	6.78
259.8	6.77
259.9	6.77
260	6.76
260.1	6.71
260.2	6.64
260.3	6.58
260.4	6.51
260.5	6.42
260.6	6.33
260.7	6.25
260.8	6.15
260.9	6.03
261	5.92
261.1	5.85
261.2	5.75
261.3	5.61
261.4	5.51
261.5	5.46
261.6	5.37
261.7	5.25
261.8	5.17
261.9	5.13
262	5.06
262.1	4.99
262.2	4.96
262.3	4.94
262.4	4.93
262.5	4.92
262.6	4.89
262.7	4.89
262.8	4.9
262.9	4.91
263	4.89
263.1	4.88
263.2	4.86
263.3	4.82
263.4	4.77
263.5	4.75
263.6	4.72
263.7	4.62
263.8	4.51
263.9	4.46
264	4.42
264.1	4.32
264.2	4.18
264.3	4.08
264.4	4.01
264.5	3.89
264.6	3.77
264.7	3.67
264.8	3.57
264.9	3.45
265	3.34
265.1	3.25
265.2	3.19
265.3	3.11
265.4	3.05
265.5	3.01
265.6	2.98
265.7	2.96
265.8	2.98
265.9	3.02
266	3.04
266.1	3.07
266.2	3.14
266.3	3.23
266.4	3.31
266.5	3.4
266.6	3.51
266.7	3.64
266.8	3.75
266.9	3.86
267	4
267.1	4.14
267.2	4.27
267.3	4.38
267.4	4.53
267.5	4.68
267.6	4.8
267.7	4.9
267.8	5.04
267.9	5.19
268	5.31
268.1	5.39
268.2	5.52
268.3	5.67
268.4	5.79
268.5	5.89
268.6	6.01
268.7	6.15
268.8	6.28
268.9	6.39
269	6.5
269.1	6.63
269.2	6.76
269.3	6.86
269.4	6.96
269.5	7.09
269.6	7.22
269.7	7.32
269.8	7.42
269.9	7.54
270	7.66
270.1	7.76
270.2	7.83
270.3	7.9
270.4	7.96
270.5	8.01
270.6	8.01
270.7	7.99
270.8	7.97
270.9	7.94
271	7.87
271.1	7.76
271.2	7.64
271.3	7.55
271.4	7.41
271.5	7.22
271.6	7.07
271.7	6.91
271.8	6.69
271.9	6.46
272	6.28
272.1	6.07
272.2	5.79
272.3	5.54
272.4	5.36
272.5	5.16
272.6	4.92
272.7	4.71
272.8	4.57
272.9	4.41
273	4.19
273.1	4.02
273.2	3.9
273.3	3.74
273.4	3.53
273.5	3.39
273.6	3.32
273.7	3.18
273.8	3
273.9	2.91
274	2.88
274.1	2.8
274.2	2.68
274.3	2.66
274.4	2.7
274.5	2.68
274.6	2.65
274.7	2.7
274.8	2.79
274.9	2.81
275	2.83
275.1	2.95
275.2	3.09
275.3	3.17
275.4	3.27
275.5	3.44
275.6	3.6
275.7	3.69
275.8	3.82
275.9	4.01
276	4.16
276.1	4.25
276.2	4.36
276.3	4.54
276.4	4.68
276.5	4.75
276.6	4.86
276.7	5.01
276.8	5.14
276.9	5.22
277	5.33
277.1	5.48
277.2	5.58
277.3	5.63
277.4	5.74
277.5	5.87
277.6	5.92
277.7	5.93
277.8	5.99
277.9	6.06
278	6.08
278.1	6.05
278.2	6.06
278.3	6.07
278.4	6.04
278.5	5.98
278.6	5.94
278.7	5.9
278.8	5.82
278.9	5.72
279	5.65
279.1	5.57
279.2	5.46
279.3	5.34
279.4	5.24
279.5	5.15
279.6	5.02
279.7	4.89
279.8	4.81
279.9	4.75
280	4.61
280.1	4.48
280.2	4.44
280.3	4.39
280.4	4.31
280.5	4.23
280.6	4.2
280.7	4.18
280.8	4.13
280.9	4.11
281	4.15
281.1	4.18
281.2	4.16
281.3	4.17
281.4	4.24
281.5	4.3
281.6	4.32
281.7	4.36
281.8	4.45
281.9	4.53
282	4.54
282.1	4.56
282.2	4.64
282.3	4.73
282.4	4.75
282.5	4.76
282.6	4.81
282.7	4.88
282.8	4.89
282.9	4.9
283	4.97
283.1	5.04
283.2	5.04
283.3	5.05
283.4	5.12
283.5	5.19
283.6	5.19
283.7	5.21
283.8	5.31
283.9	5.37
284	5.37
284.1	5.41
284.2	5.5
284.3	5.56
284.4	5.58
284.5	5.63
284.6	5.71
284.7	5.76
284.8	5.78
284.9	5.83
285	5.91
285.1	5.93
285.2	5.92
285.3	5.95
285.4	6.02
285.5	6.04
285.6	6.02
285.7	6.03
285.8	6.08
285.9	6.08
286	6.04
286.1	6.04
286.2	6.05
286.3	6.02
286.4	5.99
286.5	5.99
286.6	5.96
286.7	5.92
286.8	5.92
286.9	5.93
287	5.9
287.1	5.85
287.2	5.87
287.3	5.92
287.4	5.91
287.5	5.86
287.6	5.88
287.7	5.94
287.8	5.93
287.9	5.87
288	5.87
288.1	5.91
288.2	5.88
288.3	5.8
288.4	5.79
288.5	5.81
288.6	5.74
288.7	5.65
288.8	5.63
288.9	5.62
289	5.56
289.1	5.49
289.2	5.44
289.3	5.4
289.4	5.33
289.5	5.27
289.6	5.25
289.7	5.2
289.8	5.14
289.9	5.13
290	5.14
290.1	5.1
290.2	5.04
290.3	5.04
290.4	5.06
290.5	5.04
290.6	4.99
290.7	4.97
290.8	4.97
290.9	4.93
291	4.87
291.1	4.83
291.2	4.79
291.3	4.73
291.4	4.66
291.5	4.62
291.6	4.58
291.7	4.53
291.8	4.46
291.9	4.4
292	4.37
292.1	4.36
292.2	4.35
292.3	4.31
292.4	4.28
292.5	4.32
292.6	4.38
292.7	4.41
292.8	4.43
292.9	4.48
293	4.55
293.1	4.6
293.2	4.62
293.3	4.66
293.4	4.72
293.5	4.76
293.6	4.75
293.7	4.75
293.8	4.78
293.9	4.79
294	4.78
294.1	4.78
294.2	4.8
294.3	4.82
294.4	4.83
294.5	4.87
294.6	4.94
294.7	5
294.8	5.06
294.9	5.15
295	5.25
295.1	5.37
295.2	5.49
295.3	5.62
295.4	5.74
295.5	5.86
295.6	5.97
295.7	6.08
295.8	6.18
295.9	6.27
296	6.31
296.1	6.33
296.2	6.37
296.3	6.4
296.4	6.37
296.5	6.32
296.6	6.33
296.7	6.34
296.8	6.3
296.9	6.26
297	6.29
297.1	6.33
297.2	6.32
297.3	6.35
297.4	6.43
297.5	6.51
297.6	6.56
297.7	6.65
297.8	6.8
297.9	6.95
298	7.05
298.1	7.14
298.2	7.29
298.3	7.42
298.4	7.51
298.5	7.61
298.6	7.72
298.7	7.79
298.8	7.84
298.9	7.9
299	7.97
299.1	7.99
299.2	7.97
299.3	7.98
299.4	8.02
299.5	8.04
299.6	8.03
299.7	8.04
299.8	8.05
299.9	8.03
300	8.01
300.1	8.01
300.2	7.97
300.3	7.93
300.4	7.91
300.5	7.89
300.6	7.79
300.7	7.66
300.8	7.57
300.9	7.47
301	7.3
301.1	7.11
301.2	6.99
301.3	6.85
301.4	6.61
301.5	6.38
301.6	6.22
301.7	6.06
301.8	5.84
301.9	5.62
302	5.48
302.1	5.36
302.2	5.18
302.3	5.02
302.4	4.92
302.5	4.84
302.6	4.72
302.7	4.6
302.8	4.53
302.9	4.49
303	4.42
303.1	4.34
303.2	4.32
303.3	4.31
303.4	4.26
303.5	4.17
303.6	4.17
303.7	4.23
303.8	4.22
303.9	4.16
304	4.16
304.1	4.22
304.2	4.24
304.3	4.24
304.4	4.31
304.5	4.4
304.6	4.43
304.7	4.48
304.8	4.6
304.9	4.7
305	4.76
305.1	4.85
305.2	4.97
305.3	5.08
305.4	5.17
305.5	5.27
305.6	5.42
305.7	5.56
305.8	5.66
305.9	5.77
306	5.92
306.1	6.07
306.2	6.19
306.3	6.3
306.4	6.45
306.5	6.61
306.6	6.71
306.7	6.83
306.8	6.98
306.9	7.1
307	7.2
307.1	7.33
307.2	7.5
307.3	7.61
307.4	7.7
307.5	7.84
307.6	8.02
307.7	8.13
307.8	8.21
307.9	8.35
308	8.51
308.1	8.59
308.2	8.65
308.3	8.79
308.4	8.94
308.5	8.98
308.6	8.99
308.7	9.1
308.8	9.22
308.9	9.23
309	9.22
309.1	9.28
309.2	9.33
309.3	9.29
309.4	9.23
309.5	9.23
309.6	9.22
309.7	9.14
309.8	9.05
309.9	8.99
310	8.95
310.1	8.85
310.2	8.74
310.3	8.66
310.4	8.61
310.5	8.53
310.6	8.42
310.7	8.33
310.8	8.26
310.9	8.19
311	8.09
311.1	8
311.2	7.92
311.3	7.81
311.4	7.69
311.5	7.59
311.6	7.49
311.7	7.36
311.8	7.19
311.9	7.07
312	6.93
312.1	6.75
312.2	6.6
312.3	6.44
312.4	6.26
312.5	6.07
312.6	5.91
312.7	5.76
312.8	5.58
312.9	5.41
313	5.28
313.1	5.16
313.2	5.04
313.3	4.94
313.4	4.85
313.5	4.77
313.6	4.7
313.7	4.66
313.8	4.61
313.9	4.58
314	4.56
314.1	4.55
314.2	4.53
314.3	4.51
314.4	4.52
314.5	4.56
314.6	4.58
314.7	4.61
314.8	4.66
314.9	4.71
315	4.75
315.1	4.83
315.2	4.93
315.3	5
315.4	5.07
315.5	5.19
315.6	5.32
315.7	5.45
315.8	5.59
315.9	5.75
316	5.92
316.1	6.09
316.2	6.28
316.3	6.49
316.4	6.67
316.5	6.85
316.6	7.05
316.7	7.26
316.8	7.43
316.9	7.6
317	7.79
317.1	7.98
317.2	8.13
317.3	8.28
317.4	8.46
317.5	8.59
317.6	8.68
317.7	8.81
317.8	8.95
317.9	9.05
318	9.09
318.1	9.14
318.2	9.2
318.3	9.24
318.4	9.24
318.5	9.23
318.6	9.24
318.7	9.25
318.8	9.23
318.9	9.21
319	9.19
319.1	9.17
319.2	9.13
319.3	9.09
319.4	9.06
319.5	9.04
319.6	9
319.7	8.94
319.8	8.88
319.9	8.85
320	8.82
320.1	8.75
320.2	8.68
320.3	8.65
320.4	8.63
320.5	8.58
320.6	8.53
320.7	8.52
320.8	8.48
320.9	8.42
321	8.38
321.1	8.37
321.2	8.34
321.3	8.29
321.4	8.24
321.5	8.21
321.6	8.18
321.7	8.14
321.8	8.11
321.9	8.06
322	7.99
322.1	7.91
322.2	7.84
322.3	7.77
322.4	7.66
322.5	7.52
322.6	7.4
322.7	7.28
322.8	7.15
322.9	6.99
323	6.84
323.1	6.71
323.2	6.59
323.3	6.47
323.4	6.36
323.5	6.27
323.6	6.2
323.7	6.13
323.8	6.04
323.9	5.97
324	5.95
324.1	5.94
324.2	5.89
324.3	5.86
324.4	5.88
324.5	5.9
324.6	5.88
324.7	5.88
324.8	5.91
324.9	5.93
325	5.94
325.1	5.97
325.2	6.02
325.3	6.04
325.4	6.06
325.5	6.11
325.6	6.15
325.7	6.18
325.8	6.23
325.9	6.3
326	6.36
326.1	6.44
326.2	6.58
326.3	6.73
326.4	6.83
326.5	6.95
326.6	7.11
326.7	7.24
326.8	7.34
326.9	7.48
327	7.64
327.1	7.74
327.2	7.82
327.3	7.94
327.4	8.03
327.5	8.07
327.6	8.1
327.7	8.16
327.8	8.21
327.9	8.24
328	8.24
328.1	8.24
328.2	8.25
328.3	8.26
328.4	8.21
328.5	8.16
328.6	8.15
328.7	8.15
328.8	8.12
328.9	8.11
329	8.12
329.1	8.12
329.2	8.11
329.3	8.09
329.4	8.07
329.5	8.06
329.6	8.04
329.7	8
329.8	7.98
329.9	7.95
330	7.91
330.1	7.89
330.2	7.87
330.3	7.82
330.4	7.78
330.5	7.79
330.6	7.81
330.7	7.8
330.8	7.8
330.9	7.83
331	7.87
331.1	7.88
331.2	7.88
331.3	7.92
331.4	7.97
331.5	8.01
331.6	8.04
331.7	8.09
331.8	8.12
331.9	8.13
332	8.11
332.1	8.1
332.2	8.1
332.3	8.07
332.4	8
332.5	7.95
332.6	7.91
332.7	7.83
332.8	7.74
332.9	7.7
333	7.63
333.1	7.54
333.2	7.47
333.3	7.44
333.4	7.4
333.5	7.34
333.6	7.3
333.7	7.29
333.8	7.24
333.9	7.18
334	7.15
334.1	7.1
334.2	7.04
334.3	6.98
334.4	6.95
334.5	6.89
334.6	6.8
334.7	6.71
334.8	6.65
334.9	6.59
335	6.51
335.1	6.44
335.2	6.38
335.3	6.32
335.4	6.27
335.5	6.25
335.6	6.25
335.7	6.24
335.8	6.22
335.9	6.23
336	6.28
336.1	6.3
336.2	6.31
336.3	6.38
336.4	6.44
336.5	6.46
336.6	6.49
336.7	6.55
336.8	6.61
336.9	6.66
337	6.7
337.1	6.77
337.2	6.85
337.3	6.93
337.4	7
337.5	7.09
337.6	7.19
337.7	7.27
337.8	7.37
337.9	7.49
338	7.6
338.1	7.69
338.2	7.79
338.3	7.93
338.4	8.07
338.5	8.17
338.6	8.24
338.7	8.35
338.8	8.48
338.9	8.55
339	8.59
339.1	8.66
339.2	8.74
339.3	8.76
339.4	8.73
339.5	8.75
339.6	8.8
339.7	8.82
339.8	8.8
339.9	8.8
340	8.84
340.1	8.86
340.2	8.84
340.3	8.85
340.4	8.91
340.5	8.92
340.6	8.9
340.7	8.9
340.8	8.92
340.9	8.92
341	8.89
341.1	8.86
341.2	8.83
341.3	8.76
341.4	8.67
341.5	8.57
341.6	8.47
341.7	8.34
341.8	8.17
341.9	8.01
342	7.85
342.1	7.64
342.2	7.42
342.3	7.26
342.4	7.12
342.5	6.94
342.6	6.77
342.7	6.66
342.8	6.57
342.9	6.45
343	6.34
343.1	6.29
343.2	6.25
343.3	6.2
343.4	6.16
343.5	6.14
343.6	6.13
343.7	6.11
343.8	6.1
343.9	6.08
344	6.06
344.1	6.07
344.2	6.06
344.3	6
344.4	5.95
344.5	5.97
344.6	5.97
344.7	5.91
344.8	5.88
344.9	5.88
345	5.88
345.1	5.89
345.2	5.94
345.3	5.99
345.4	6.03
345.5	6.08
345.6	6.15
345.7	6.24
345.8	6.32
345.9	6.38
346	6.45
346.1	6.54
346.2	6.6
346.3	6.63
346.4	6.66
346.5	6.73
346.6	6.76
346.7	6.73
346.8	6.72
346.9	6.75
347	6.74
347.1	6.69
347.2	6.65
347.3	6.64
347.4	6.61
347.5	6.55
347.6	6.51
347.7	6.51
347.8	6.5
347.9	6.49
348	6.51
348.1	6.54
348.2	6.55
348.3	6.56
348.4	6.62
348.5	6.71
348.6	6.76
348.7	6.79
348.8	6.88
348.9	6.99
349	7.03
349.1	7.05
349.2	7.14
349.3	7.27
349.4	7.32
349.5	7.32
349.6	7.39
349.7	7.49
349.8	7.52
349.9	7.52
350	7.57
350.1	7.63
350.2	7.65
350.3	7.67
350.4	7.71
350.5	7.76
350.6	7.77
350.7	7.78
350.8	7.79
350.9	7.83
351	7.88
351.1	7.92
351.2	7.93
351.3	7.94
351.4	7.99
351.5	8.05
351.6	8.07
351.7	8.07
351.8	8.06
351.9	8.1
352	8.13
352.1	8.12
352.2	8.1
352.3	8.09
352.4	8.07
352.5	8.04
352.6	7.99
352.7	7.94
352.8	7.88
352.9	7.82
353	7.74
353.1	7.65
353.2	7.58
353.3	7.5
353.4	7.39
353.5	7.29
353.6	7.23
353.7	7.2
353.8	7.14
353.9	7.08
354	7.04
354.1	7.01
354.2	6.97
354.3	6.93
354.4	6.91
354.5	6.88
354.6	6.85
354.7	6.84
354.8	6.84
354.9	6.81
355	6.78
355.1	6.77
355.2	6.75
355.3	6.73
355.4	6.69
355.5	6.66
355.6	6.65
355.7	6.64
355.8	6.62
355.9	6.6
356	6.6
356.1	6.6
356.2	6.6
356.3	6.63
356.4	6.67
356.5	6.69
356.6	6.72
356.7	6.77
356.8	6.78
356.9	6.77
357	6.79
357.1	6.82
357.2	6.8
357.3	6.74
357.4	6.7
357.5	6.71
357.6	6.67
357.7	6.58
357.8	6.53
357.9	6.5
358	6.41
358.1	6.3
358.2	6.24
358.3	6.22
358.4	6.13
358.5	5.99
358.6	5.93
358.7	5.9
358.8	5.79
358.9	5.68
359	5.67
359.1	5.65
359.2	5.53
359.3	5.43
359.4	5.42
359.5	5.37
359.6	5.23
359.7	5.13
359.8	5.09
359.9	5.02
360	4.91
360.1	4.85
360.2	4.84
360.3	4.8
360.4	4.74
360.5	4.71
360.6	4.73
360.7	4.75
360.8	4.74
360.9	4.76
361	4.8
361.1	4.85
361.2	4.89
361.3	4.94
361.4	5.02
361.5	5.11
361.6	5.2
361.7	5.28
361.8	5.37
361.9	5.48
362	5.59
362.1	5.69
362.2	5.8
362.3	5.93
362.4	6.06
362.5	6.17
362.6	6.3
362.7	6.47
362.8	6.65
362.9	6.79
363	6.94
363.1	7.14
363.2	7.34
363.3	7.5
363.4	7.69
363.5	7.9
363.6	8.09
363.7	8.26
363.8	8.45
363.9	8.63
364	8.81
364.1	8.97
364.2	9.1
364.3	9.22
364.4	9.34
364.5	9.46
364.6	9.56
364.7	9.63
364.8	9.68
364.9	9.71
365	9.74
365.1	9.78
365.2	9.78
365.3	9.76
365.4	9.76
365.5	9.73
365.6	9.65
365.7	9.56
365.8	9.47
365.9	9.35
366	9.22
366.1	9.07
366.2	8.9
366.3	8.69
366.4	8.47
366.5	8.24
366.6	7.99
366.7	7.75
366.8	7.48
366.9	7.19
367	6.89
367.1	6.6
367.2	6.29
367.3	5.99
367.4	5.7
367.5	5.41
367.6	5.11
367.7	4.85
367.8	4.64
367.9	4.39
368	4.11
368.1	3.91
368.2	3.76
368.3	3.56
368.4	3.34
368.5	3.19
368.6	3.09
368.7	2.95
368.8	2.77
368.9	2.68
369	2.64
369.1	2.55
369.2	2.45
369.3	2.42
369.4	2.42
369.5	2.39
369.6	2.36
369.7	2.39
369.8	2.47
369.9	2.53
370	2.58
370.1	2.7
370.2	2.78
370.3	2.83
370.4	2.92
370.5	3.06
370.6	3.23
370.7	3.4
370.8	3.55
370.9	3.73
371	3.95
371.1	4.18
371.2	4.38
371.3	4.59
371.4	4.84
371.5	5.1
371.6	5.31
371.7	5.51
371.8	5.77
371.9	6.01
372	6.19
372.1	6.38
372.2	6.6
372.3	6.81
372.4	6.98
372.5	7.14
372.6	7.36
372.7	7.58
372.8	7.74
372.9	7.88
373	8.08
373.1	8.29
373.2	8.43
373.3	8.52
373.4	8.63
373.5	8.77
373.6	8.83
373.7	8.81
373.8	8.82
373.9	8.84
374	8.79
374.1	8.66
374.2	8.52
374.3	8.42
374.4	8.26
374.5	8.03
374.6	7.81
374.7	7.63
374.8	7.43
374.9	7.17
375	6.96
375.1	6.79
375.2	6.57
375.3	6.33
375.4	6.15
375.5	6.01
375.6	5.84
375.7	5.61
375.8	5.41
375.9	5.25
376	5.07
376.1	4.85
376.2	4.65
376.3	4.49
376.4	4.3
376.5	4.06
376.6	3.86
376.7	3.71
376.8	3.56
376.9	3.36
377	3.2
377.1	3.1
377.2	3.02
377.3	2.94
377.4	2.89
377.5	2.89
377.6	2.93
377.7	2.98
377.8	3.03
377.9	3.12
378	3.24
378.1	3.36
378.2	3.45
378.3	3.55
378.4	3.67
378.5	3.77
378.6	3.85
378.7	3.94
378.8	4.01
378.9	4.05
379	4.08
379.1	4.15
379.2	4.21
379.3	4.21
379.4	4.25
379.5	4.37
379.6	4.46
379.7	4.51
379.8	4.61
379.9	4.78
380	4.94
380.1	5.05
380.2	5.2
380.3	5.41
380.4	5.58
380.5	5.69
380.6	5.83
380.7	6.03
380.8	6.19
380.9	6.27
381	6.37
381.1	6.51
381.2	6.62
381.3	6.66
381.4	6.71
381.5	6.8
381.6	6.86
381.7	6.87
381.8	6.9
381.9	6.94
382	6.95
382.1	6.95
382.2	6.97
382.3	7
382.4	6.99
382.5	6.98
382.6	7.01
382.7	7
382.8	6.96
382.9	6.92
383	6.9
383.1	6.84
383.2	6.76
383.3	6.68
383.4	6.6
383.5	6.49
383.6	6.33
383.7	6.2
383.8	6.11
383.9	6
384	5.83
384.1	5.69
384.2	5.61
384.3	5.53
384.4	5.41
384.5	5.29
384.6	5.24
384.7	5.2
384.8	5.16
384.9	5.11
385	5.1
385.1	5.09
385.2	5.09
385.3	5.11
385.4	5.15
385.5	5.16
385.6	5.15
385.7	5.16
385.8	5.2
385.9	5.2
386	5.17
386.1	5.17
386.2	5.18
386.3	5.16
386.4	5.14
386.5	5.18
386.6	5.22
386.7	5.23
386.8	5.24
386.9	5.3
387	5.37
387.1	5.42
387.2	5.47
387.3	5.55
387.4	5.63
387.5	5.7
387.6	5.78
387.7	5.84
387.8	5.88
387.9	5.9
388	5.92
388.1	5.95
388.2	5.92
388.3	5.84
388.4	5.77
388.5	5.71
388.6	5.59
388.7	5.42
388.8	5.28
388.9	5.15
389	4.96
389.1	4.76
389.2	4.62
389.3	4.47
389.4	4.29
389.5	4.13
389.6	4
389.7	3.87
389.8	3.73
389.9	3.61
390	3.5
390.1	3.42
390.2	3.36
390.3	3.32
390.4	3.28
390.5	3.26
390.6	3.25
390.7	3.27
390.8	3.3
390.9	3.32
391	3.34
391.1	3.39
391.2	3.46
391.3	3.51
391.4	3.55
391.5	3.62
391.6	3.7
391.7	3.78
391.8	3.85
391.9	3.95
392	4.06
392.1	4.15
392.2	4.24
392.3	4.34
392.4	4.47
392.5	4.58
392.6	4.67
392.7	4.77
392.8	4.9
392.9	5.02
393	5.11
393.1	5.21
393.2	5.33
393.3	5.45
393.4	5.54
393.5	5.64
393.6	5.76
393.7	5.86
393.8	5.95
393.9	6.03
394	6.13
394.1	6.22
394.2	6.29
394.3	6.35
394.4	6.44
394.5	6.53
394.6	6.59
394.7	6.66
394.8	6.75
394.9	6.82
395	6.87
395.1	6.94
395.2	7.05
395.3	7.12
395.4	7.16
395.5	7.24
395.6	7.34
395.7	7.41
395.8	7.46
395.9	7.53
396	7.63
396.1	7.68
396.2	7.69
396.3	7.73
396.4	7.81
396.5	7.81
396.6	7.77
396.7	7.77
396.8	7.78
396.9	7.71
397	7.62
397.1	7.57
397.2	7.53
397.3	7.43
397.4	7.34
397.5	7.26
397.6	7.16
397.7	7.04
397.8	6.94
397.9	6.86
398	6.75
398.1	6.62
398.2	6.49
398.3	6.41
398.4	6.3
398.5	6.13
398.6	5.97
398.7	5.86
398.8	5.71
398.9	5.5
399	5.3
399.1	5.15
399.2	5
399.3	4.77
399.4	4.52
399.5	4.36
399.6	4.21
399.7	3.99
399.8	3.78
399.9	3.66
400	3.53
400.1	3.31
400.2	3.13
400.3	3.06
400.4	2.96
400.5	2.78
400.6	2.62
400.7	2.56
400.8	2.46
400.9	2.31
401	2.19
401.1	2.12
401.2	2.02
401.3	1.89
401.4	1.81
401.5	1.76
401.6	1.7
401.7	1.68
401.8	1.72
401.9	1.76
402	1.83
402.1	1.95
402.2	2.08
402.3	2.21
402.4	2.37
402.5	2.56
402.6	2.74
402.7	2.9
402.8	3.09
402.9	3.31
403	3.51
403.1	3.67
403.2	3.86
403.3	4.08
403.4	4.28
403.5	4.43
403.6	4.61
403.7	4.8
403.8	4.95
403.9	5.08
404	5.23
404.1	5.4
404.2	5.53
404.3	5.62
404.4	5.76
404.5	5.91
404.6	6
404.7	6.07
404.8	6.18
404.9	6.29
405	6.36
405.1	6.4
405.2	6.46
405.3	6.52
405.4	6.54
405.5	6.54
405.6	6.56
405.7	6.56
405.8	6.53
405.9	6.53
406	6.53
406.1	6.51
406.2	6.48
406.3	6.48
406.4	6.48
406.5	6.45
406.6	6.42
406.7	6.44
406.8	6.44
406.9	6.42
407	6.42
407.1	6.45
407.2	6.47
407.3	6.47
407.4	6.48
407.5	6.5
407.6	6.53
407.7	6.58
407.8	6.59
407.9	6.57
408	6.59
408.1	6.63
408.2	6.63
408.3	6.6
408.4	6.61
408.5	6.65
408.6	6.65
408.7	6.63
408.8	6.62
408.9	6.63
409	6.61
409.1	6.58
409.2	6.56
409.3	6.54
409.4	6.49
409.5	6.44
409.6	6.42
409.7	6.4
409.8	6.34
409.9	6.3
410	6.26
410.1	6.19
410.2	6.12
410.3	6.1
410.4	6.04
410.5	5.91
410.6	5.79
410.7	5.72
410.8	5.61
410.9	5.42
411	5.24
411.1	5.1
411.2	4.94
411.3	4.71
411.4	4.48
411.5	4.26
411.6	4.03
411.7	3.8
411.8	3.57
411.9	3.34
412	3.13
412.1	2.92
412.2	2.71
412.3	2.55
412.4	2.42
412.5	2.31
412.6	2.21
412.7	2.15
412.8	2.12
412.9	2.1
413	2.13
413.1	2.19
413.2	2.24
413.3	2.28
413.4	2.35
413.5	2.46
413.6	2.56
413.7	2.65
413.8	2.75
413.9	2.88
414	3
414.1	3.11
414.2	3.22
414.3	3.36
414.4	3.49
414.5	3.61
414.6	3.75
414.7	3.92
414.8	4.07
414.9	4.2
415	4.37
415.1	4.57
415.2	4.75
415.3	4.92
415.4	5.12
415.5	5.34
415.6	5.54
415.7	5.74
415.8	5.94
415.9	6.13
416	6.29
416.1	6.45
416.2	6.61
416.3	6.76
416.4	6.86
416.5	6.97
416.6	7.09
416.7	7.19
416.8	7.23
416.9	7.26
417	7.32
417.1	7.35
417.2	7.33
417.3	7.34
417.4	7.36
417.5	7.31
417.6	7.21
417.7	7.15
417.8	7.15
417.9	7.06
418	6.9
418.1	6.79
418.2	6.72
418.3	6.57
418.4	6.37
418.5	6.23
418.6	6.11
418.7	5.89
418.8	5.65
418.9	5.49
419	5.35
419.1	5.13
419.2	4.9
419.3	4.76
419.4	4.61
419.5	4.4
419.6	4.21
419.7	4.1
419.8	4
419.9	3.85
420	3.71
420.1	3.64
420.2	3.59
420.3	3.5
420.4	3.43
420.5	3.42
420.6	3.41
420.7	3.38
420.8	3.38
420.9	3.4
421	3.41
421.1	3.44
421.2	3.49
421.3	3.53
421.4	3.55
421.5	3.59
421.6	3.63
421.7	3.67
421.8	3.71
421.9	3.75
422	3.81
422.1	3.83
422.2	3.84
422.3	3.89
422.4	3.96
422.5	4
422.6	4.03
422.7	4.08
422.8	4.16
422.9	4.2
423	4.22
423.1	4.28
423.2	4.36
423.3	4.4
423.4	4.43
423.5	4.5
423.6	4.57
423.7	4.59
423.8	4.62
423.9	4.71
424	4.8
424.1	4.82
424.2	4.86
424.3	4.94
424.4	5.02
424.5	5.06
424.6	5.1
424.7	5.17
424.8	5.25
424.9	5.3
425	5.33
425.1	5.38
425.2	5.47
425.3	5.53
425.4	5.56
425.5	5.6
425.6	5.67
425.7	5.74
425.8	5.76
425.9	5.79
426	5.85
426.1	5.89
426.2	5.88
426.3	5.89
426.4	5.94
426.5	5.95
426.6	5.92
426.7	5.92
426.8	5.94
426.9	5.92
427	5.87
427.1	5.84
427.2	5.83
427.3	5.81
427.4	5.76
427.5	5.71
427.6	5.7
427.7	5.69
427.8	5.63
427.9	5.57
428	5.57
428.1	5.58
428.2	5.53
428.3	5.48
428.4	5.48
428.5	5.5
428.6	5.46
428.7	5.4
428.8	5.38
428.9	5.38
429	5.32
429.1	5.24
429.2	5.2
429.3	5.16
429.4	5.07
429.5	4.97
429.6	4.88
429.7	4.79
429.8	4.67
429.9	4.55
430	4.44
430.1	4.35
430.2	4.22
430.3	4.09
430.4	4.01
430.5	3.96
430.6	3.89
430.7	3.83
430.8	3.81
430.9	3.79
431	3.76
431.1	3.77
431.2	3.79
431.3	3.81
431.4	3.83
431.5	3.86
431.6	3.88
431.7	3.9
431.8	3.92
431.9	3.93
432	3.95
432.1	3.96
432.2	3.96
432.3	3.97
432.4	3.99
432.5	4.01
432.6	4.03
432.7	4.04
432.8	4.07
432.9	4.11
433	4.15
433.1	4.18
433.2	4.25
433.3	4.34
433.4	4.41
433.5	4.46
433.6	4.53
433.7	4.63
433.8	4.72
433.9	4.78
434	4.85
434.1	4.95
434.2	5.05
434.3	5.11
434.4	5.16
434.5	5.23
434.6	5.3
434.7	5.34
434.8	5.38
434.9	5.45
435	5.5
435.1	5.52
435.2	5.55
435.3	5.59
435.4	5.64
435.5	5.67
435.6	5.68
435.7	5.71
435.8	5.74
435.9	5.75
436	5.77
436.1	5.81
436.2	5.83
436.3	5.82
436.4	5.8
436.5	5.82
436.6	5.82
436.7	5.78
436.8	5.75
436.9	5.75
437	5.73
437.1	5.67
437.2	5.61
437.3	5.59
437.4	5.56
437.5	5.51
437.6	5.46
437.7	5.43
437.8	5.41
437.9	5.37
438	5.32
438.1	5.31
438.2	5.31
438.3	5.28
438.4	5.25
438.5	5.25
438.6	5.26
438.7	5.24
438.8	5.23
438.9	5.26
439	5.29
439.1	5.28
439.2	5.27
439.3	5.33
439.4	5.39
439.5	5.38
439.6	5.38
439.7	5.45
439.8	5.52
439.9	5.53
440	5.55
440.1	5.63
440.2	5.73
440.3	5.75
440.4	5.77
440.5	5.88
440.6	5.99
440.7	6.01
440.8	6.04
440.9	6.16
441	6.24
441.1	6.25
441.2	6.28
441.3	6.37
441.4	6.42
441.5	6.41
441.6	6.41
441.7	6.43
441.8	6.42
441.9	6.35
442	6.28
442.1	6.25
442.2	6.19
442.3	6.06
442.4	5.93
442.5	5.84
442.6	5.71
442.7	5.53
442.8	5.38
442.9	5.26
443	5.11
443.1	4.92
443.2	4.76
443.3	4.65
443.4	4.51
443.5	4.36
443.6	4.25
443.7	4.15
443.8	4.04
443.9	3.91
444	3.84
444.1	3.82
444.2	3.78
444.3	3.7
444.4	3.66
444.5	3.66
444.6	3.63
444.7	3.59
444.8	3.58
444.9	3.59
445	3.58
445.1	3.59
445.2	3.62
445.3	3.63
445.4	3.65
445.5	3.7
445.6	3.77
445.7	3.84
445.8	3.92
445.9	4.01
446	4.12
446.1	4.23
446.2	4.34
446.3	4.47
446.4	4.63
446.5	4.76
446.6	4.87
446.7	5.01
446.8	5.19
446.9	5.35
447	5.46
447.1	5.57
447.2	5.71
447.3	5.85
447.4	5.95
447.5	6.02
447.6	6.11
447.7	6.2
447.8	6.3
447.9	6.4
448	6.47
448.1	6.53
448.2	6.62
448.3	6.74
448.4	6.82
448.5	6.89
448.6	7
448.7	7.13
448.8	7.22
448.9	7.29
449	7.39
449.1	7.5
449.2	7.59
449.3	7.64
449.4	7.72
449.5	7.8
449.6	7.85
449.7	7.89
449.8	7.91
449.9	7.9
450	7.88
450.1	7.87
450.2	7.84
450.3	7.75
450.4	7.66
450.5	7.59
450.6	7.54
450.7	7.47
450.8	7.37
450.9	7.29
451	7.22
451.1	7.15
451.2	7.09
451.3	7.04
451.4	6.99
451.5	6.92
451.6	6.85
451.7	6.77
451.8	6.7
451.9	6.61
452	6.51
452.1	6.38
452.2	6.25
452.3	6.15
452.4	6.02
452.5	5.85
452.6	5.67
452.7	5.51
452.8	5.35
452.9	5.14
453	4.93
453.1	4.79
453.2	4.67
453.3	4.52
453.4	4.36
453.5	4.26
453.6	4.19
453.7	4.1
453.8	4.03
453.9	4
454	4
454.1	4.01
454.2	3.99
454.3	3.97
454.4	3.98
454.5	4
454.6	4.01
454.7	4.01
454.8	4
454.9	4.02
455	4.05
455.1	4.05
455.2	4.03
455.3	4.07
455.4	4.14
455.5	4.16
455.6	4.18
455.7	4.28
455.8	4.38
455.9	4.47
456	4.57
456.1	4.74
456.2	4.91
456.3	5.04
456.4	5.19
456.5	5.39
456.6	5.58
456.7	5.74
456.8	5.91
456.9	6.12
457	6.28
457.1	6.4
457.2	6.54
457.3	6.71
457.4	6.82
457.5	6.89
457.6	7.01
457.7	7.13
457.8	7.19
457.9	7.24
458	7.34
458.1	7.46
458.2	7.52
458.3	7.6
458.4	7.71
458.5	7.82
458.6	7.92
458.7	8.05
458.8	8.18
458.9	8.3
459	8.41
459.1	8.51
459.2	8.6
459.3	8.66
459.4	8.69
459.5	8.72
459.6	8.74
459.7	8.7
459.8	8.64
459.9	8.57
460	8.49
460.1	8.39
460.2	8.32
460.3	8.23
460.4	8.09
460.5	8
460.6	7.96
460.7	7.87
460.8	7.74
460.9	7.7
461	7.7
461.1	7.66
461.2	7.59
461.3	7.58
461.4	7.6
461.5	7.56
461.6	7.47
461.7	7.44
461.8	7.43
461.9	7.35
462	7.21
462.1	7.11
462.2	7.01
462.3	6.84
462.4	6.65
462.5	6.51
462.6	6.4
462.7	6.24
462.8	6.04
462.9	5.89
463	5.77
463.1	5.65
463.2	5.52
463.3	5.43
463.4	5.37
463.5	5.35
463.6	5.31
463.7	5.28
463.8	5.29
463.9	5.31
464	5.29
464.1	5.26
464.2	5.26
464.3	5.27
464.4	5.22
464.5	5.13
464.6	5.04
464.7	4.94
464.8	4.82
464.9	4.7
465	4.58
465.1	4.47
465.2	4.38
465.3	4.31
465.4	4.23
465.5	4.14
465.6	4.13
465.7	4.19
465.8	4.21
465.9	4.22
466	4.32
466.1	4.47
466.2	4.57
466.3	4.67
466.4	4.84
466.5	5.01
466.6	5.13
466.7	5.26
466.8	5.45
466.9	5.65
467	5.78
467.1	5.88
467.2	6.04
467.3	6.19
467.4	6.29
467.5	6.38
467.6	6.51
467.7	6.64
467.8	6.74
467.9	6.85
468	6.98
468.1	7.11
468.2	7.22
468.3	7.35
468.4	7.51
468.5	7.65
468.6	7.78
468.7	7.92
468.8	8.07
468.9	8.19
469	8.29
469.1	8.41
469.2	8.52
469.3	8.6
469.4	8.67
469.5	8.73
469.6	8.72
469.7	8.7
469.8	8.71
469.9	8.71
470	8.62
470.1	8.51
470.2	8.49
470.3	8.47
470.4	8.39
470.5	8.31
470.6	8.3
470.7	8.29
470.8	8.24
470.9	8.25
471	8.32
471.1	8.38
471.2	8.39
471.3	8.44
471.4	8.52
471.5	8.59
471.6	8.64
471.7	8.71
471.8	8.78
471.9	8.82
472	8.82
472.1	8.79
472.2	8.77
472.3	8.74
472.4	8.64
472.5	8.51
472.6	8.38
472.7	8.24
472.8	8.07
472.9	7.91
473	7.79
473.1	7.65
473.2	7.47
473.3	7.32
473.4	7.23
473.5	7.16
473.6	7.06
473.7	6.99
473.8	6.95
473.9	6.9
474	6.82
474.1	6.79
474.2	6.8
474.3	6.76
474.4	6.65
474.5	6.58
474.6	6.56
474.7	6.45
474.8	6.3
474.9	6.19
475	6.11
475.1	5.97
475.2	5.79
475.3	5.62
475.4	5.52
475.5	5.47
475.6	5.39
475.7	5.3
475.8	5.26
475.9	5.27
476	5.26
476.1	5.25
476.2	5.28
476.3	5.36
476.4	5.39
476.5	5.35
476.6	5.35
476.7	5.41
476.8	5.38
476.9	5.29
477	5.24
477.1	5.22
477.2	5.13
477.3	5
477.4	4.94
477.5	4.92
477.6	4.87
477.7	4.79
477.8	4.8
477.9	4.86
478	4.89
478.1	4.93
478.2	5.05
478.3	5.19
478.4	5.31
478.5	5.43
478.6	5.6
478.7	5.76
478.8	5.91
478.9	6.05
479	6.23
479.1	6.4
479.2	6.52
479.3	6.61
479.4	6.75
479.5	6.87
479.6	6.94
479.7	7.02
479.8	7.13
479.9	7.22
480	7.28
480.1	7.35
480.2	7.47
480.3	7.57
480.4	7.64
480.5	7.75
480.6	7.91
480.7	8.05
480.8	8.16
480.9	8.31
481	8.5
481.1	8.66
481.2	8.77
481.3	8.91
481.4	9.08
481.5	9.22
481.6	9.3
481.7	9.4
481.8	9.53
481.9	9.61
482	9.65
482.1	9.69
482.2	9.75
482.3	9.78
482.4	9.77
482.5	9.77
482.6	9.8
482.7	9.81
482.8	9.75
482.9	9.7
483	9.71
483.1	9.71
483.2	9.65
483.3	9.58
483.4	9.54
483.5	9.5
483.6	9.46
483.7	9.42
483.8	9.36
483.9	9.29
484	9.23
484.1	9.16
484.2	9.07
484.3	9.01
484.4	8.97
484.5	8.91
484.6	8.84
484.7	8.81
484.8	8.78
484.9	8.73
485	8.68
485.1	8.63
485.2	8.6
485.3	8.54
485.4	8.46
485.5	8.4
485.6	8.35
485.7	8.25
485.8	8.13
485.9	8.03
486	7.91
486.1	7.78
486.2	7.62
486.3	7.45
486.4	7.3
486.5	7.11
486.6	6.88
486.7	6.67
486.8	6.47
486.9	6.22
487	5.92
487.1	5.66
487.2	5.44
487.3	5.18
487.4	4.9
487.5	4.66
487.6	4.45
487.7	4.23
487.8	3.99
487.9	3.77
488	3.58
488.1	3.41
488.2	3.28
488.3	3.18
488.4	3.1
488.5	3.03
488.6	3
488.7	3.01
488.8	3.06
488.9	3.15
489	3.24
489.1	3.37
489.2	3.52
489.3	3.68
489.4	3.85
489.5	4.04
489.6	4.25
489.7	4.46
489.8	4.66
489.9	4.88
490	5.1
490.1	5.33
490.2	5.57
490.3	5.81
490.4	6.04
490.5	6.28
490.6	6.51
490.7	6.73
490.8	6.94
490.9	7.15
491	7.38
491.1	7.59
491.2	7.76
491.3	7.92
491.4	8.12
491.5	8.29
491.6	8.42
491.7	8.56
491.8	8.73
491.9	8.88
492	9
492.1	9.13
492.2	9.28
492.3	9.41
492.4	9.52
492.5	9.63
492.6	9.76
492.7	9.86
492.8	9.93
492.9	10
493	10.1
493.1	10.2
493.2	10.2
493.3	10.3
493.4	10.3
493.5	10.3
493.6	10.4
493.7	10.3
493.8	10.3
493.9	10.3
494	10.3
494.1	10.2
494.2	10.1
494.3	10
494.4	10
494.5	9.92
494.6	9.81
494.7	9.73
494.8	9.66
494.9	9.57
495	9.46
495.1	9.38
495.2	9.29
495.3	9.15
495.4	9.02
495.5	8.94
495.6	8.8
495.7	8.62
495.8	8.47
495.9	8.35
496	8.17
496.1	7.92
496.2	7.71
496.3	7.54
496.4	7.31
496.5	7
496.6	6.75
496.7	6.57
496.8	6.33
496.9	6.03
497	5.8
497.1	5.63
497.2	5.4
497.3	5.14
497.4	5
497.5	4.89
497.6	4.69
497.7	4.5
497.8	4.42
497.9	4.35
498	4.21
498.1	4.05
498.2	3.95
498.3	3.87
498.4	3.75
498.5	3.61
498.6	3.51
498.7	3.42
498.8	3.32
498.9	3.24
499	3.2
499.1	3.17
499.2	3.16
499.3	3.2
499.4	3.24
499.5	3.31
499.6	3.42
499.7	3.54
499.8	3.66
499.9	3.79
500	3.97
500.1	4.15
500.2	4.3
500.3	4.48
500.4	4.68
500.5	4.89
500.6	5.07
500.7	5.25
500.8	5.46
500.9	5.67
501	5.87
501.1	6.06
501.2	6.25
501.3	6.46
501.4	6.66
501.5	6.85
501.6	7.03
501.7	7.22
501.8	7.43
501.9	7.62
502	7.8
502.1	7.99
502.2	8.18
502.3	8.36
502.4	8.53
502.5	8.69
502.6	8.87
502.7	9.03
502.8	9.18
502.9	9.33
503	9.47
503.1	9.6
503.2	9.73
503.3	9.88
503.4	9.97
503.5	10
503.6	10.1
503.7	10.2
503.8	10.3
503.9	10.3
504	10.4
504.1	10.4
504.2	10.4
504.3	10.4
504.4	10.4
504.5	10.4
504.6	10.3
504.7	10.2
504.8	10.1
504.9	10
505	9.94
505.1	9.78
505.2	9.6
505.3	9.44
505.4	9.28
505.5	9.08
505.6	8.86
505.7	8.67
505.8	8.48
505.9	8.24
506	7.98
506.1	7.74
506.2	7.53
506.3	7.27
506.4	6.97
506.5	6.72
506.6	6.48
506.7	6.18
506.8	5.83
506.9	5.54
507	5.27
507.1	4.94
507.2	4.58
507.3	4.29
507.4	4.05
507.5	3.78
507.6	3.47
507.7	3.23
507.8	3.04
507.9	2.84
508	2.64
508.1	2.48
508.2	2.36
508.3	2.25
508.4	2.14
508.5	2.03
508.6	1.95
508.7	1.91
508.8	1.89
508.9	1.9
509	1.93
509.1	2.01
509.2	2.11
509.3	2.24
509.4	2.4
509.5	2.58
509.6	2.77
509.7	2.97
509.8	3.15
509.9	3.34
510	3.53
510.1	3.7
510.2	3.9
510.3	4.12
510.4	4.33
510.5	4.54
510.6	4.76
510.7	4.99
510.8	5.24
510.9	5.49
511	5.76
511.1	6.02
511.2	6.28
511.3	6.52
511.4	6.73
511.5	6.94
511.6	7.15
511.7	7.35
511.8	7.52
511.9	7.7
512	7.88
512.1	8.05
512.2	8.2
512.3	8.38
512.4	8.58
512.5	8.75
512.6	8.91
512.7	9.1
512.8	9.33
512.9	9.52
513	9.67
513.1	9.83
513.2	10
513.3	10.2
513.4	10.3
513.5	10.3
513.6	10.4
513.7	10.4
513.8	10.4
513.9	10.4
514	10.3
514.1	10.2
514.2	10.2
514.3	10.1
514.4	9.97
514.5	9.86
514.6	9.76
514.7	9.69
514.8	9.62
514.9	9.53
515	9.46
515.1	9.41
515.2	9.34
515.3	9.24
515.4	9.1
515.5	8.97
515.6	8.82
515.7	8.63
515.8	8.38
515.9	8.08
516	7.75
516.1	7.41
516.2	7.08
516.3	6.68
516.4	6.25
516.5	5.84
516.6	5.49
516.7	5.15
516.8	4.77
516.9	4.41
517	4.14
517.1	3.92
517.2	3.7
517.3	3.53
517.4	3.44
517.5	3.37
517.6	3.27
517.7	3.2
517.8	3.18
517.9	3.13
518	3.06
518.1	3.03
518.2	2.99
518.3	2.87
518.4	2.72
518.5	2.58
518.6	2.47
518.7	2.38
518.8	2.25
518.9	1.98
519	1.83
519.1	1.82
519.2	1.84
519.3	1.9
519.4	2.04
519.5	2.19
519.6	2.36
519.7	2.55
519.8	2.79
519.9	3.03
520	3.27
520.1	3.52
520.2	3.78
520.3	4.04
520.4	4.29
520.5	4.53
520.6	4.77
520.7	5.02
520.8	5.24
520.9	5.45
521	5.66
521.1	5.86
521.2	6.03
521.3	6.2
521.4	6.38
521.5	6.56
521.6	6.72
521.7	6.88
521.8	7.05
521.9	7.21
522	7.35
522.1	7.48
522.2	7.63
522.3	7.77
522.4	7.84
522.5	7.9
522.6	7.99
522.7	8.05
522.8	8.04
522.9	8
523	7.99
523.1	7.95
523.2	7.83
523.3	7.72
523.4	7.66
523.5	7.57
523.6	7.44
523.7	7.31
523.8	7.23
523.9	7.14
524	7.02
524.1	6.94
524.2	6.93
524.3	6.89
524.4	6.81
524.5	6.78
524.6	6.81
524.7	6.84
524.8	6.83
524.9	6.82
525	6.88
525.1	6.93
525.2	6.94
525.3	6.94
525.4	6.97
525.5	7
525.6	7
525.7	7
525.8	6.99
525.9	6.96
526	6.94
526.1	6.93
526.2	6.9
526.3	6.87
526.4	6.86
526.5	6.84
526.6	6.8
526.7	6.76
526.8	6.75
526.9	6.73
527	6.66
527.1	6.59
527.2	6.57
527.3	6.52
527.4	6.43
527.5	6.36
527.6	6.3
527.7	6.22
527.8	6.11
527.9	6.02
528	5.93
528.1	5.8
528.2	5.65
528.3	5.51
528.4	5.38
528.5	5.2
528.6	4.99
528.7	4.78
528.8	4.58
528.9	4.37
529	4.13
529.1	3.89
529.2	3.66
529.3	3.43
529.4	3.2
529.5	3.01
529.6	2.81
529.7	2.65
529.8	2.53
529.9	2.47
530	2.45
530.1	2.47
530.2	2.53
530.3	2.63
530.4	2.74
530.5	2.88
530.6	3.02
530.7	3.16
530.8	3.3
530.9	3.44
531	3.58
531.1	3.71
531.2	3.84
531.3	3.96
531.4	4.09
531.5	4.21
531.6	4.34
531.7	4.45
531.8	4.57
531.9	4.69
532	4.81
532.1	4.92
532.2	5.04
532.3	5.17
532.4	5.3
532.5	5.42
532.6	5.55
532.7	5.7
532.8	5.85
532.9	6.01
533	6.18
533.1	6.35
533.2	6.54
533.3	6.74
533.4	6.95
533.5	7.16
533.6	7.39
533.7	7.62
533.8	7.79
533.9	7.97
534	8.18
534.1	8.35
534.2	8.46
534.3	8.56
534.4	8.7
534.5	8.78
534.6	8.78
534.7	8.78
534.8	8.82
534.9	8.85
535	8.82
535.1	8.78
535.2	8.78
535.3	8.76
535.4	8.69
535.5	8.63
535.6	8.59
535.7	8.51
535.8	8.4
535.9	8.33
536	8.24
536.1	8.1
536.2	7.92
536.3	7.76
536.4	7.58
536.5	7.35
536.6	7.08
536.7	6.81
536.8	6.54
536.9	6.23
537	5.88
537.1	5.56
537.2	5.25
537.3	4.87
537.4	4.47
537.5	4.19
537.6	3.96
537.7	3.63
537.8	3.28
537.9	3.07
538	2.88
538.1	2.62
538.2	2.37
538.3	2.25
538.4	2.15
538.5	1.96
538.6	1.8
538.7	1.75
538.8	1.69
538.9	1.56
539	1.46
539.1	1.45
539.2	1.41
539.3	1.34
539.4	1.32
539.5	1.37
539.6	1.42
539.7	1.47
539.8	1.56
539.9	1.69
540	1.83
540.1	1.98
540.2	2.15
540.3	2.35
540.4	2.56
540.5	2.75
540.6	2.97
540.7	3.22
540.8	3.47
540.9	3.68
541	3.92
541.1	4.19
541.2	4.42
541.3	4.62
541.4	4.85
541.5	5.09
541.6	5.29
541.7	5.44
541.8	5.61
541.9	5.81
542	5.96
542.1	6.07
542.2	6.2
542.3	6.36
542.4	6.5
542.5	6.6
542.6	6.7
542.7	6.84
542.8	6.95
542.9	7.03
543	7.12
543.1	7.23
543.2	7.3
543.3	7.33
543.4	7.36
543.5	7.4
543.6	7.42
543.7	7.4
543.8	7.37
543.9	7.33
544	7.26
544.1	7.17
544.2	7.12
544.3	7.06
544.4	6.95
544.5	6.85
544.6	6.79
544.7	6.74
544.8	6.65
544.9	6.59
545	6.6
545.1	6.6
545.2	6.55
545.3	6.53
545.4	6.55
545.5	6.57
545.6	6.56
545.7	6.55
545.8	6.56
545.9	6.52
546	6.47
546.1	6.44
546.2	6.43
546.3	6.37
546.4	6.28
546.5	6.18
546.6	6.1
546.7	6.02
546.8	5.93
546.9	5.79
547	5.65
547.1	5.53
547.2	5.43
547.3	5.27
547.4	5.11
547.5	5.01
547.6	4.91
547.7	4.74
547.8	4.57
547.9	4.48
548	4.4
548.1	4.22
548.2	4.05
548.3	3.97
548.4	3.87
548.5	3.67
548.6	3.51
548.7	3.44
548.8	3.34
548.9	3.15
549	3.02
549.1	2.95
549.2	2.82
549.3	2.67
549.4	2.61
549.5	2.59
549.6	2.5
549.7	2.42
549.8	2.43
549.9	2.48
550	2.49
550.1	2.53
550.2	2.62
550.3	2.73
550.4	2.81
550.5	2.91
550.6	3.03
550.7	3.17
550.8	3.29
550.9	3.41
551	3.56
551.1	3.71
551.2	3.85
551.3	3.98
551.4	4.15
551.5	4.31
551.6	4.46
551.7	4.61
551.8	4.78
551.9	4.94
552	5.07
552.1	5.22
552.2	5.41
552.3	5.55
552.4	5.66
552.5	5.79
552.6	5.94
552.7	6.06
552.8	6.15
552.9	6.25
553	6.37
553.1	6.45
553.2	6.5
553.3	6.58
553.4	6.67
553.5	6.7
553.6	6.71
553.7	6.77
553.8	6.82
553.9	6.82
554	6.8
554.1	6.83
554.2	6.84
554.3	6.78
554.4	6.73
554.5	6.74
554.6	6.71
554.7	6.58
554.8	6.45
554.9	6.39
555	6.31
555.1	6.12
555.2	5.93
555.3	5.83
555.4	5.7
555.5	5.47
555.6	5.26
555.7	5.13
555.8	4.98
555.9	4.8
556	4.62
556.1	4.47
556.2	4.33
556.3	4.18
556.4	4.03
556.5	3.93
556.6	3.84
556.7	3.73
556.8	3.62
556.9	3.55
557	3.5
557.1	3.46
557.2	3.41
557.3	3.37
557.4	3.36
557.5	3.35
557.6	3.33
557.7	3.34
557.8	3.35
557.9	3.36
558	3.38
558.1	3.44
558.2	3.5
558.3	3.54
558.4	3.6
558.5	3.7
558.6	3.81
558.7	3.89
558.8	3.98
558.9	4.12
559	4.25
559.1	4.35
559.2	4.45
559.3	4.57
559.4	4.67
559.5	4.74
559.6	4.82
559.7	4.92
559.8	5
559.9	5.06
560	5.11
560.1	5.19
560.2	5.26
560.3	5.29
560.4	5.33
560.5	5.41
560.6	5.49
560.7	5.51
560.8	5.54
560.9	5.63
561	5.72
561.1	5.75
561.2	5.77
561.3	5.87
561.4	5.96
561.5	5.97
561.6	5.98
561.7	6.03
561.8	6.08
561.9	6.07
562	6.03
562.1	6.06
562.2	6.07
562.3	5.99
562.4	5.9
562.5	5.88
562.6	5.84
562.7	5.75
562.8	5.67
562.9	5.65
563	5.6
563.1	5.51
563.2	5.45
563.3	5.44
563.4	5.41
563.5	5.34
563.6	5.27
563.7	5.25
563.8	5.22
563.9	5.18
564	5.13
564.1	5.12
564.2	5.12
564.3	5.1
564.4	5.05
564.5	5.04
564.6	5.04
564.7	5
564.8	4.99
564.9	5.01
565	5
565.1	4.95
565.2	4.92
565.3	4.91
565.4	4.88
565.5	4.85
565.6	4.87
565.7	4.86
565.8	4.8
565.9	4.76
566	4.78
566.1	4.77
566.2	4.69
566.3	4.62
566.4	4.59
566.5	4.54
566.6	4.44
566.7	4.36
566.8	4.31
566.9	4.25
567	4.15
567.1	4.05
567.2	3.99
567.3	3.91
567.4	3.78
567.5	3.67
567.6	3.61
567.7	3.55
567.8	3.44
567.9	3.37
568	3.33
568.1	3.29
568.2	3.22
568.3	3.2
568.4	3.23
568.5	3.25
568.6	3.26
568.7	3.32
568.8	3.41
568.9	3.48
569	3.52
569.1	3.62
569.2	3.74
569.3	3.84
569.4	3.94
569.5	4.06
569.6	4.19
569.7	4.3
569.8	4.41
569.9	4.55
570	4.67
570.1	4.77
570.2	4.89
570.3	5.01
570.4	5.12
570.5	5.21
570.6	5.31
570.7	5.41
570.8	5.5
570.9	5.59
571	5.67
571.1	5.76
571.2	5.85
571.3	5.93
571.4	6.02
571.5	6.13
571.6	6.23
571.7	6.3
571.8	6.38
571.9	6.48
572	6.55
572.1	6.6
572.2	6.67
572.3	6.76
572.4	6.81
572.5	6.82
572.6	6.86
572.7	6.93
572.8	6.93
572.9	6.91
573	6.93
573.1	6.94
573.2	6.9
573.3	6.86
573.4	6.85
573.5	6.83
573.6	6.76
573.7	6.71
573.8	6.7
573.9	6.65
574	6.59
574.1	6.56
574.2	6.53
574.3	6.49
574.4	6.45
574.5	6.42
574.6	6.4
574.7	6.35
574.8	6.27
574.9	6.22
575	6.18
575.1	6.14
575.2	6.07
575.3	6
575.4	5.95
575.5	5.86
575.6	5.76
575.7	5.69
575.8	5.61
575.9	5.5
576	5.39
576.1	5.31
576.2	5.23
576.3	5.11
576.4	4.96
576.5	4.84
576.6	4.75
576.7	4.64
576.8	4.5
576.9	4.37
577	4.25
577.1	4.14
577.2	4
577.3	3.88
577.4	3.78
577.5	3.66
577.6	3.51
577.7	3.4
577.8	3.3
577.9	3.19
578	3.1
578.1	3.05
578.2	3.02
578.3	2.97
578.4	2.91
578.5	2.91
578.6	2.95
578.7	2.98
578.8	3.01
578.9	3.08
579	3.15
579.1	3.23
579.2	3.32
579.3	3.42
579.4	3.51
579.5	3.62
579.6	3.76
579.7	3.89
579.8	4
579.9	4.13
580	4.3
580.1	4.45
580.2	4.58
580.3	4.74
580.4	4.91
580.5	5.06
580.6	5.18
580.7	5.32
580.8	5.47
580.9	5.61
581	5.72
581.1	5.84
581.2	5.96
581.3	6.05
581.4	6.12
581.5	6.21
581.6	6.31
581.7	6.37
581.8	6.4
581.9	6.45
582	6.51
582.1	6.54
582.2	6.55
582.3	6.55
582.4	6.57
582.5	6.58
582.6	6.57
582.7	6.57
582.8	6.6
582.9	6.58
583	6.55
583.1	6.55
583.2	6.56
583.3	6.52
583.4	6.47
583.5	6.42
583.6	6.37
583.7	6.31
583.8	6.24
583.9	6.18
584	6.07
584.1	5.94
584.2	5.85
584.3	5.79
584.4	5.65
584.5	5.5
584.6	5.41
584.7	5.33
584.8	5.2
584.9	5.07
585	4.98
585.1	4.88
585.2	4.76
585.3	4.66
585.4	4.59
585.5	4.52
585.6	4.43
585.7	4.34
585.8	4.31
585.9	4.29
586	4.23
586.1	4.19
586.2	4.2
586.3	4.22
586.4	4.21
586.5	4.21
586.6	4.28
586.7	4.38
586.8	4.42
586.9	4.46
587	4.57
587.1	4.68
587.2	4.76
587.3	4.85
587.4	4.99
587.5	5.12
587.6	5.21
587.7	5.31
587.8	5.44
587.9	5.54
588	5.62
588.1	5.72
588.2	5.82
588.3	5.9
588.4	5.97
588.5	6.07
588.6	6.14
588.7	6.21
588.8	6.28
588.9	6.35
589	6.41
589.1	6.46
589.2	6.52
589.3	6.58
589.4	6.64
589.5	6.68
589.6	6.72
589.7	6.78
589.8	6.83
589.9	6.84
590	6.85
590.1	6.89
590.2	6.92
590.3	6.91
590.4	6.9
590.5	6.91
590.6	6.9
590.7	6.86
590.8	6.84
590.9	6.83
591	6.8
591.1	6.75
591.2	6.75
591.3	6.78
591.4	6.77
591.5	6.73
591.6	6.75
591.7	6.82
591.8	6.84
591.9	6.82
592	6.86
592.1	6.93
592.2	6.96
592.3	6.96
592.4	7
592.5	7.06
592.6	7.08
592.7	7.04
592.8	7.06
592.9	7.11
593	7.08
593.1	6.99
593.2	6.97
593.3	6.98
593.4	6.89
593.5	6.73
593.6	6.64
593.7	6.59
593.8	6.48
593.9	6.33
594	6.2
594.1	6.1
594.2	5.96
594.3	5.78
594.4	5.64
594.5	5.53
594.6	5.37
594.7	5.16
594.8	4.98
594.9	4.83
595	4.65
595.1	4.44
595.2	4.29
595.3	4.14
595.4	3.92
595.5	3.72
595.6	3.6
595.7	3.46
595.8	3.29
595.9	3.18
596	3.13
596.1	3.06
596.2	3
596.3	3.02
596.4	3.07
596.5	3.13
596.6	3.21
596.7	3.33
596.8	3.48
596.9	3.62
597	3.78
597.1	3.96
597.2	4.14
597.3	4.31
597.4	4.49
597.5	4.69
597.6	4.89
597.7	5.08
597.8	5.27
597.9	5.47
598	5.66
598.1	5.85
598.2	6.04
598.3	6.23
598.4	6.43
598.5	6.62
598.6	6.81
598.7	6.99
598.8	7.19
598.9	7.39
599	7.56
599.1	7.74
599.2	7.93
599.3	8.12
599.4	8.29
599.5	8.46
599.6	8.64
599.7	8.83
599.8	8.99
599.9	9.12
600	9.28
