time history #18965		
1	17.8338871	21.1
1.1	20.60516548	23.3
1.2	22.41181946	24.5
1.3	20.85362625	22.3
1.4	19.63808632	20.4
1.5	20.76303673	21
1.6	21.23536873	20.9
1.7	19.40387917	18.4
1.8	18.0664978	16.4
1.9	18.49931526	16.4
2	18.61653328	16.1
2.1	17.34165955	14.3
2.2	16.53884315	13
2.3	17.03756142	13.3
2.4	17.37885857	13.4
2.5	16.84670639	12.6
2.6	16.64782906	12.3
2.7	17.35737419	12.9
2.8	17.9125061	13.5
2.9	17.78857231	13.4
3	17.87536812	13.5
3.1	18.57858658	14.3
3.2	19.00090981	14.9
3.3	18.7930088	14.9
3.4	18.75492096	15.1
3.5	19.09802246	15.6
3.6	19.08542252	15.9
3.7	18.59197617	15.7
3.8	18.19214821	15.7
3.9	17.98893547	15.8
4	17.49843979	15.7
4.1	16.61205482	15.2
4.2	15.80350018	14.9
4.3	15.1280899	14.6
4.4	14.23339558	14.2
4.5	13.1269598	13.6
4.6	12.17529774	13.1
4.7	11.37118053	12.8
4.8	10.54228115	12.4
4.9	9.717695236	12
5	9.143091202	11.9
5.1	8.826293945	11.9
5.2	8.582865715	12.1
5.3	8.449679375	12.3
5.4	8.573822975	12.8
5.5	8.949404716	13.5
5.6	9.316292763	14.1
5.7	9.700201988	14.8
5.8	10.20000744	15.5
5.9	10.74018478	16.2
6	11.16576099	16.8
6.1	11.44286346	17.2
6.2	11.66081715	17.6
6.3	11.75493813	17.7
6.4	11.66217613	17.7
6.5	11.40887642	17.4
6.6	11.08619118	17.1
6.7	10.67793083	16.6
6.8	10.27052307	16.1
6.9	9.819973946	15.5
7	9.390598297	14.9
7.1	9.046678543	14.3
7.2	8.760266304	13.8
7.3	8.580180168	13.4
7.4	8.455958366	13
7.5	8.455633163	12.8
7.6	8.497837067	12.6
7.7	8.613947868	12.6
7.8	8.802242279	12.7
7.9	9.033046722	12.8
8	9.311134338	13
8.1	9.568696022	13.3
8.2	9.830095291	13.5
8.3	10.08902073	13.8
8.4	10.33461189	14.1
8.5	10.49748135	14.4
8.6	10.62480927	14.5
8.7	10.61760044	14.7
8.8	10.52581692	14.7
8.9	10.35729599	14.7
9	10.09427357	14.6
9.1	9.740753174	14.4
9.2	9.293702126	14.1
9.3	8.776358604	13.7
9.4	8.217064857	13.3
9.5	7.601393223	12.8
9.6	6.980523586	12.3
9.7	6.39865303	11.8
9.8	5.901648521	11.3
9.9	5.400096893	10.9
10	4.966835022	10.6
10.1	4.650702953	10.4
10.2	4.53710556	10.3
10.3	4.556094646	10.3
10.4	4.672184944	10.4
10.5	4.932899475	10.6
10.6	5.299033165	11
10.7	5.68713522	11.4
10.8	6.02536869	11.8
10.9	6.384951591	12.2
11	6.757997513	12.6
11.1	7.045452595	13
11.2	7.205792427	13.2
11.3	7.276780128	13.3
11.4	7.268364429	13.4
11.5	7.175035477	13.5
11.6	6.993653774	13.4
11.7	6.724628448	13.2
11.8	6.406980991	13.1
11.9	6.118501186	12.9
12	5.815452576	12.8
12.1	5.550900936	12.6
12.2	5.36839819	12.6
12.3	5.265476227	12.6
12.4	5.207757473	12.7
12.5	5.223792553	12.9
12.6	5.348759174	13.1
12.7	5.551988602	13.4
12.8	5.790902615	13.8
12.9	6.156056404	14.2
13	6.56075573	14.7
13.1	7.046843052	15.2
13.2	7.549051762	15.8
13.3	8.072501183	16.3
13.4	8.575349808	16.8
13.5	9.080094337	17.3
13.6	9.607563019	17.7
13.7	10.04424286	18.1
13.8	10.42876816	18.4
13.9	10.74249935	18.6
14	11.01526451	18.7
14.1	11.20435333	18.7
14.2	11.33252335	18.6
14.3	11.38995838	18.4
14.4	11.39346981	18.2
14.5	11.35942364	17.9
14.6	11.31104183	17.5
14.7	11.27993488	17.2
14.8	11.26097679	16.9
14.9	11.19444084	16.5
15	11.11812878	16.1
15.1	11.05974197	15.7
15.2	11.00776958	15.3
15.3	10.89062405	14.8
15.4	10.78802395	14.3
15.5	10.70333958	13.9
15.6	10.69516659	13.5
15.7	10.64100361	13.2
15.8	10.54615307	12.7
15.9	10.5004282	12.4
16	10.484272	12.1
16.1	10.44729424	11.8
16.2	10.34884071	11.4
16.3	10.28921223	11.1
16.4	10.31288147	10.8
16.5	10.01780796	10.4
16.6	9.542311668	9.78
16.7	9.209598541	9.27
16.8	8.962406158	8.87
16.9	8.44469738	8.29
17	7.738395214	7.54
17.1	7.112570763	6.85
17.2	6.537462234	6.25
17.3	5.950869083	5.64
17.4	5.377328396	5.08
17.5	4.888814926	4.58
17.6	4.414013386	4.11
17.7	3.933357	3.7
17.8	3.618451357	3.4
17.9	3.425412178	3.21
18	3.321852207	3.09
18.1	3.27498889	3.01
18.2	3.277389288	2.99
18.3	3.278967142	3.02
18.4	3.279448032	3.06
18.5	3.280191898	3.13
18.6	3.351300478	3.27
18.7	3.430485487	3.5
18.8	3.437161207	3.7
18.9	3.331117392	3.8
19	3.18033576	3.89
19.1	3.042541981	4.01
19.2	2.890990019	4.15
19.3	2.679241657	4.22
19.4	2.476892471	4.31
19.5	2.286296844	4.52
19.6	2.071865082	4.7
19.7	1.796977639	4.69
19.8	1.576700568	4.7
19.9	1.399481177	4.89
20	1.277745247	5.12
20.1	1.207026482	5.18
20.2	1.276036978	5.31
20.3	1.595161557	5.74
20.4	2.017808437	6.2
20.5	2.31859827	6.37
20.6	2.682313204	6.58
20.7	3.344709873	7.16
20.8	3.980573654	7.75
20.9	4.357848167	8.01
21	4.753623486	8.25
21.1	5.348112583	8.79
21.2	5.909736633	9.36
21.3	6.201785564	9.63
21.4	6.549767494	9.92
21.5	7.072128773	10.5
21.6	7.365718842	10.8
21.7	7.442486763	10.9
21.8	7.757066727	11.4
21.9	8.311968803	12.1
22	8.372232437	12.3
22.1	8.029984474	12
22.2	8.041904449	12.1
22.3	8.354340553	12.6
22.4	8.415759087	12.9
22.5	8.166776657	12.9
22.6	8.018019676	12.9
22.7	7.940999031	13.1
22.8	7.776371002	13.1
22.9	7.531295776	13.1
23	7.27930975	13.2
23.1	7.130365849	13.3
23.2	7.0100317	13.4
23.3	6.809525967	13.4
23.4	6.548490047	13.4
23.5	6.189769745	13.2
23.6	5.831702709	13
23.7	5.509829998	12.8
23.8	5.270208836	12.7
23.9	5.191069603	12.6
24	5.22371912	12.4
24.1	5.219643593	12.2
24.2	5.215952396	11.9
24.3	5.530951977	11.8
24.4	5.991474152	11.7
24.5	6.325742245	11.4
24.6	6.635130882	10.9
24.7	7.106734753	10.5
24.8	7.743040085	10.3
24.9	8.362384796	10.1
25	8.984743118	9.77
25.1	9.64368248	9.49
25.2	10.2950058	9.25
25.3	10.94150639	8.92
25.4	11.60381889	8.55
25.5	12.24720955	8.24
25.6	12.85143757	8.05
25.7	13.39551449	7.92
25.8	13.9127779	7.78
25.9	14.43747139	7.64
26	14.89730453	7.57
26.1	15.25005436	7.52
26.2	15.47041798	7.47
26.3	15.64783764	7.44
26.4	15.77452469	7.41
26.5	15.76553822	7.36
26.6	15.66289043	7.31
26.7	15.51694679	7.27
26.8	15.27260017	7.23
26.9	14.97608852	7.2
27	14.65142059	7.19
27.1	14.29363155	7.18
27.2	13.86235905	7.18
27.3	13.34936619	7.16
27.4	12.74818707	7.13
27.5	12.16364288	7.12
27.6	11.59667587	7.11
27.7	10.94440556	7.09
27.8	10.30494118	7.06
27.9	9.81597805	7.06
28	9.320121765	7.05
28.1	8.716823578	6.99
28.2	8.112103462	6.92
28.3	7.609206676	6.87
28.4	7.188661098	6.81
28.5	6.685227394	6.7
28.6	6.099601269	6.56
28.7	5.45939827	6.44
28.8	4.810610294	6.33
28.9	4.161502361	6.28
29	3.575493336	6.29
29.1	3.140422821	6.3
29.2	2.79904747	6.35
29.3	2.561777592	6.48
29.4	2.47334671	6.57
29.5	2.435465336	6.51
29.6	2.406376123	6.41
29.7	2.427170992	6.33
29.8	2.47717905	6.17
29.9	2.59258914	6
30	2.749974966	5.88
30.1	2.944924831	5.78
30.2	3.226988554	5.65
30.3	3.523146152	5.54
30.4	3.824533939	5.47
30.5	4.219485283	5.39
30.6	4.584722996	5.36
30.7	4.791704178	5.42
30.8	4.944759369	5.52
30.9	5.172192097	5.61
31	5.434412003	5.68
31.1	5.564256191	5.84
31.2	5.582927704	6.12
31.3	5.624308586	6.39
31.4	5.700378895	6.64
31.5	5.73824358	7.04
31.6	5.784104347	7.57
31.7	5.884841442	8.03
31.8	5.964566708	8.31
31.9	6.03085804	8.55
32	6.103967667	8.74
32.1	6.118510246	8.68
32.2	6.100934982	8.43
32.3	6.076023579	8.24
32.4	6.030381203	8.09
32.5	5.981940269	7.73
32.6	5.965606213	7.37
32.7	5.905557632	7.34
32.8	5.823081493	7.33
32.9	5.780535221	7.06
33	5.718157768	6.91
33.1	5.519553661	7.15
33.2	5.342582703	7.37
33.3	5.18535614	7.44
33.4	5.027348518	7.71
33.5	4.902992725	8.21
33.6	4.832856655	8.6
33.7	4.784268856	8.87
33.8	4.8543396	9.28
33.9	5.135951042	9.88
34	5.524891376	10.5
34.1	5.895873547	10.9
34.2	6.253611088	11.2
34.3	6.625771999	11.5
34.4	6.982111931	11.7
34.5	7.023713112	11.6
34.6	6.83706665	11.2
34.7	6.693764687	10.9
34.8	6.599061012	10.6
34.9	6.229656219	9.97
35	5.819817543	9.36
35.1	5.693527222	9.03
35.2	5.577389717	8.67
35.3	5.206544876	8.07
35.4	4.92150116	7.58
35.5	5.010401249	7.45
35.6	5.123872757	7.34
35.7	5.17829752	7.15
35.8	5.282997608	7.04
35.9	5.443179607	6.96
36	5.571723461	6.91
36.1	5.930475712	7.04
36.2	6.298101425	7.21
36.3	6.565798759	7.26
36.4	6.852871418	7.35
36.5	7.360468864	7.69
36.6	7.857317448	7.96
36.7	7.920580864	7.85
36.8	7.94164753	7.73
36.9	8.139065742	7.78
37	8.074007988	7.56
37.1	7.599517822	6.98
37.2	6.983867645	6.32
37.3	6.469027996	5.78
37.4	6.065412521	5.37
37.5	5.640934944	4.91
37.6	5.091870308	4.4
37.7	4.701988697	4.11
37.8	4.521352768	4.01
37.9	4.23645401	3.81
38	3.937354088	3.65
38.1	3.910327673	3.83
38.2	4.083112717	4.26
38.3	4.089861393	4.54
38.4	3.921188116	4.64
38.5	3.880239964	4.96
38.6	4.201929569	5.69
38.7	4.499597549	6.36
38.8	4.519023418	6.78
38.9	4.677274227	7.41
39	5.165617466	8.31
39.1	5.458540916	8.91
39.2	5.348797321	9.15
39.3	5.362889767	9.56
39.4	5.618894577	10.1
39.5	5.626494884	10.4
39.6	5.447193623	10.4
39.7	5.151990414	10.3
39.8	4.867977619	10.1
39.9	4.817810535	10.1
40	4.940389633	10.2
40.1	5.048612595	10.2
40.2	5.295234203	10.4
40.3	5.732711315	10.7
40.4	6.099914074	10.9
40.5	6.429441452	11
40.6	6.947683811	11.5
40.7	7.688491344	12.4
40.8	8.26072216	13
40.9	8.63090229	13.3
41	9.116560936	13.7
41.1	9.730349541	14.5
41.2	10.31030083	15.2
41.3	10.90803146	16
41.4	11.59292126	16.8
41.5	12.31232071	17.7
41.6	12.89496708	18.4
41.7	13.3370018	18.9
41.8	13.82798195	19.5
41.9	14.30967617	20.1
42	14.59872341	20.4
42.1	14.52542591	20.4
42.2	14.46061707	20.3
42.3	14.55208778	20.5
42.4	14.57259369	20.5
42.5	14.24675846	20.2
42.6	13.96518993	19.9
42.7	13.9849329	20
42.8	14.04167557	20.1
42.9	13.72792053	19.8
43	13.36657524	19.5
43.1	13.29866982	19.5
43.2	13.38604736	19.6
43.3	13.29932404	19.5
43.4	13.26871967	19.5
43.5	13.33439827	19.6
43.6	13.17568111	19.4
43.7	12.95276546	19.1
43.8	13.15001488	19.2
43.9	13.5297718	19.5
44	13.60000992	19.4
44.1	13.67482567	19.3
44.2	13.94084454	19.3
44.3	14.05050564	19.1
44.4	13.81052399	18.6
44.5	13.49433708	17.9
44.6	13.28153324	17.4
44.7	12.92455101	16.6
44.8	12.34096432	15.5
44.9	11.83647728	14.5
45	11.33374882	13.5
45.1	10.75113678	12.2
45.2	10.10168648	10.9
45.3	9.677278519	9.79
45.4	9.32353878	8.66
45.5	8.941114426	7.37
45.6	8.642883301	6.12
45.7	8.496897697	5.05
45.8	8.432327271	4.08
45.9	8.384968758	3.07
46	8.446484566	2.26
46.1	8.505413055	1.74
46.2	8.511871338	1.23
46.3	8.491203308	0.972
46.4	8.482652664	1.09
46.5	8.467348099	1.28
46.6	8.351531029	1.54
46.7	8.195986748	1.82
46.8	8.079901695	1.97
46.9	7.944139957	2.17
47	7.640535831	2.39
47.1	7.262348175	2.64
47.2	6.9761796	2.8
47.3	6.688933372	2.92
47.4	6.224795341	3.09
47.5	5.685367584	3.29
47.6	5.255778313	3.36
47.7	4.872923374	3.37
47.8	4.352881908	3.43
47.9	3.789251328	3.51
48	3.378281832	3.39
48.1	3.090532064	3.23
48.2	2.720638514	3.11
48.3	2.414592505	2.96
48.4	2.488021851	2.89
48.5	2.788869381	3
48.6	2.906740904	3.08
48.7	3.074925423	3.26
48.8	3.604311943	3.84
48.9	4.344332218	4.71
49	4.982185364	5.49
49.1	5.387875557	6.16
49.2	5.9963274	7.1
49.3	6.81724453	8.33
49.4	7.493028164	9.36
49.5	7.873886585	10.1
49.6	8.290007591	10.9
49.7	9.013889313	12.2
49.8	9.699110031	13.3
49.9	9.921236038	14
50	9.96367836	14.4
50.1	10.2519207	15.1
50.2	10.56959248	15.9
50.3	10.49887466	16.2
50.4	10.25811005	16.4
50.5	10.28967381	16.8
50.6	10.43836594	17.3
50.7	10.19141483	17.4
50.8	9.778644562	17.3
50.9	9.710303307	17.6
51	9.700860977	17.9
51.1	9.424149513	18
51.2	9.109186172	17.9
51.3	9.007555962	18.1
51.4	8.965197563	18.3
51.5	8.755155563	18.3
51.6	8.730045319	18.5
51.7	8.858878136	18.8
51.8	8.733072281	18.8
51.9	8.563307762	18.7
52	8.695135117	18.8
52.1	8.883291245	19
52.2	8.805933952	18.8
52.3	8.854215622	18.8
52.4	9.20065403	18.9
52.5	9.426704407	19
52.6	9.429315567	18.8
52.7	9.580366135	18.7
52.8	9.960147858	18.8
52.9	10.25382042	18.8
53	10.2810545	18.5
53.1	10.22896099	18.2
53.2	10.40148258	18.1
53.3	10.65471268	18
53.4	10.6964283	17.8
53.5	10.65778446	17.4
53.6	10.71176624	17.2
53.7	10.70922852	16.9
53.8	10.65729046	16.7
53.9	10.7292223	16.5
54	10.66914749	16.3
54.1	10.51501942	15.9
54.2	10.45196438	15.7
54.3	10.47819805	15.6
54.4	10.36687183	15.4
54.5	10.14477634	14.9
54.6	10.08934307	14.8
54.7	10.11367321	14.8
54.8	9.930009842	14.4
54.9	9.576597214	13.7
55	9.474668503	13.4
55.1	9.456271172	13.2
55.2	9.211507797	12.6
55.3	8.873509407	11.8
55.4	8.833153725	11.5
55.5	8.962571144	11.3
55.6	8.79065609	10.5
55.7	8.616413116	9.81
55.8	8.807365417	9.63
55.9	9.056560516	9.35
56	8.82584095	8.36
56.1	8.627433777	7.38
56.2	8.807985306	6.99
56.3	8.995844841	6.56
56.4	8.804821968	5.52
56.5	8.589606285	4.41
56.6	8.632528305	3.8
56.7	8.597377777	3.14
56.8	8.250549316	1.82
56.9	7.985858917	0.827
57	7.926812649	0.762
57.1	7.874614239	1.14
57.2	7.592912197	2.08
57.3	7.327962399	2.96
57.4	7.181440353	3.33
57.5	6.983575344	3.76
57.6	6.665340424	4.44
57.7	6.353207588	4.92
57.8	6.132838726	5.11
57.9	5.887332916	5.33
58	5.508414745	5.68
58.1	5.078202248	5.98
58.2	4.736642361	6.13
58.3	4.410448074	6.18
58.4	4.117108345	6.17
58.5	3.820568085	6.12
58.6	3.565547705	6
58.7	3.409500599	5.79
58.8	3.35329175	5.55
58.9	3.298632622	5.34
59	3.200120211	5.16
59.1	3.229660034	4.93
59.2	3.331844568	4.68
59.3	3.409055948	4.5
59.4	3.451506138	4.35
59.5	3.730128765	4.26
59.6	4.169139862	4.34
59.7	4.399962425	4.44
59.8	4.461503029	4.52
59.9	4.704473019	4.86
60	5.180900574	5.55
60.1	5.640666485	6.2
60.2	5.877570629	6.65
60.3	6.230020523	7.37
60.4	6.784462452	8.46
60.5	7.226759434	9.31
60.6	7.46586895	9.89
60.7	7.915123463	10.8
60.8	8.595135689	12.1
60.9	9.138741493	13
61	9.536272049	13.9
61.1	10.05567837	14.9
61.2	10.58944511	15.8
61.3	11.02018642	16.6
61.4	11.50462341	17.5
61.5	12.02569199	18.4
61.6	12.49970818	19.2
61.7	12.80747604	19.9
61.8	13.10856915	20.5
61.9	13.43081951	21.2
62	13.79127789	21.9
62.1	14.03834724	22.4
62.2	14.09237194	22.7
62.3	14.22345829	23.2
62.4	14.43407154	23.7
62.5	14.61037159	24.1
62.6	14.6640749	24.4
62.7	14.64544296	24.7
62.8	14.69781876	25
62.9	14.81259346	25.3
63	14.99906731	25.7
63.1	15.17920208	26.1
63.2	15.17042065	26.2
63.3	15.05373383	26.3
63.4	15.18919945	26.6
63.5	15.38546085	26.9
63.6	15.52729034	27
63.7	15.60552406	27.2
63.8	15.84018517	27.5
63.9	16.18593407	27.9
64	16.29735756	27.8
64.1	16.12259483	27.7
64.2	16.20619583	27.8
64.3	16.4024334	27.8
64.4	16.27504921	27.6
64.5	16.08786011	27.3
64.6	15.93865776	26.9
64.7	15.61081123	26.4
64.8	15.20828056	25.8
64.9	14.96105957	25.3
65	14.73964119	24.7
65.1	14.34792137	23.9
65.2	13.94659901	23.1
65.3	13.69547081	22.3
65.4	13.36770821	21.4
65.5	12.84701633	20.3
65.6	12.49795914	19.4
65.7	12.48809242	18.6
65.8	12.32792473	17.6
65.9	12.08307171	16.6
66	12.10458279	15.7
66.1	12.03257561	14.7
66.2	11.78429699	13.4
66.3	11.69750023	12.4
66.4	11.9216547	11.7
66.5	12.07441425	10.8
66.6	11.9594593	9.52
66.7	11.8911047	8.41
66.8	12.02912521	7.62
66.9	12.12084866	6.71
67	12.02381802	5.46
67.1	11.85568619	4.19
67.2	11.73706818	3.04
67.3	11.60737991	1.98
67.4	11.46514797	1.29
67.5	11.37840176	1.36
67.6	11.28570461	1.9
67.7	11.17871761	2.6
67.8	11.04117107	3.33
67.9	10.87949753	4.04
68	10.68994236	4.63
68.1	10.45804787	5.02
68.2	10.19713783	5.31
68.3	9.906581879	5.71
68.4	9.552469254	6.12
68.5	9.171811104	6.27
68.6	8.740015984	6.28
68.7	8.273013115	6.38
68.8	7.730561256	6.41
68.9	7.156304359	6.28
69	6.561800003	6.27
69.1	5.879365444	6.36
69.2	5.16667366	6.33
69.3	4.519976616	6.23
69.4	3.917482853	6.23
69.5	3.260905743	6.28
69.6	2.861204624	6.33
69.7	3.028555155	6.45
69.8	3.537200451	6.62
69.9	4.186639786	6.83
70	5.061039925	7.1
70.1	6.130467892	7.47
70.2	7.263036251	7.85
70.3	8.317422867	8.17
70.4	9.365196228	8.59
70.5	10.55552197	9.24
70.6	11.81083012	9.96
70.7	13.02101517	10.6
70.8	14.07675266	11.4
70.9	15.10788441	12.1
71	16.03842354	12.9
71.1	16.82171249	13.5
71.2	17.57247543	14.3
71.3	18.34387398	15.2
71.4	18.97898102	15.9
71.5	19.3164444	16.4
71.6	19.53408813	16.9
71.7	19.8294239	17.7
71.8	20.0422039	18.3
71.9	20.00708961	18.6
72	19.76549911	19
72.1	19.66656876	19.5
72.2	19.47889137	19.8
72.3	19.02331161	20
72.4	18.56670761	20.3
72.5	18.31188583	20.8
72.6	17.95199203	21.1
72.7	17.34861374	21.2
72.8	16.89744186	21.7
72.9	16.79581451	22.3
73	16.61034775	22.7
73.1	16.05244255	22.7
73.2	15.59361744	23.1
73.3	15.66713619	23.9
73.4	15.79536057	24.3
73.5	15.49971867	24.5
73.6	15.3379221	25
73.7	15.62982464	25.6
73.8	15.68949986	25.7
73.9	15.29563999	25.7
74	15.2684679	26.1
74.1	15.74466324	26.7
74.2	15.63757992	26.4
74.3	15.05648613	26.1
74.4	14.97397518	26.3
74.5	15.28701782	26.6
74.6	15.06336689	26.1
74.7	14.46276855	25.6
74.8	14.23157215	25.5
74.9	14.3159132	25.4
75	13.82910824	24.6
75.1	12.98398018	23.7
75.2	12.66955566	23.4
75.3	12.72959995	23.1
75.4	12.42002487	22.4
75.5	11.94190311	21.7
75.6	11.76326656	21.2
75.7	11.66621304	20.7
75.8	11.37720013	19.9
75.9	11.09343719	19.1
76	10.927248	18.5
76.1	10.86642647	17.9
76.2	10.67041397	17
76.3	10.41162682	16.1
76.4	10.36532211	15.6
76.5	10.51531219	14.9
76.6	10.29767418	13.9
76.7	9.945814133	12.9
76.8	9.988146782	12.4
76.9	10.21086884	11.9
77	10.11367798	11
77.1	9.911679268	10.1
77.2	9.956888199	9.59
77.3	10.06492424	9.06
77.4	10.02205753	8.34
77.5	9.975617409	7.77
77.6	10.05611134	7.46
77.7	10.14689827	7.06
77.8	10.00330162	6.34
77.9	9.814159393	5.8
78	9.852641106	5.69
78.1	9.920953751	5.46
78.2	9.73831749	4.91
78.3	9.545409203	4.66
78.4	9.561660767	4.83
78.5	9.558883667	4.83
78.6	9.330021858	4.55
78.7	9.070441246	4.49
78.8	8.958882332	4.79
78.9	8.894052505	4.99
79	8.597806931	4.86
79.1	8.219244957	4.84
79.2	7.948176861	5.17
79.3	7.752345085	5.42
79.4	7.256337643	5.24
79.5	6.632059574	4.96
79.6	6.218567371	5.11
79.7	6.008998394	5.38
79.8	5.640786171	5.24
79.9	4.992863178	4.99
80	4.560004711	5.18
80.1	4.490160942	5.53
80.2	4.323581219	5.55
80.3	4.052316666	5.6
80.4	4.083259583	5.87
80.5	4.209549427	5.93
80.6	4.089508057	5.83
80.7	4.146110535	6.06
80.8	4.647146225	6.55
80.9	5.100350857	6.66
81	5.131615639	6.54
81.1	5.369383335	6.77
81.2	5.92480278	7.18
81.3	6.317987442	7.31
81.4	6.474850178	7.35
81.5	6.828770638	7.71
81.6	7.379548073	8.09
81.7	7.642138481	8.14
81.8	7.735583305	8.28
81.9	8.148850441	8.83
82	8.724685669	9.25
82.1	8.881362915	9.25
82.2	8.825166702	9.38
82.3	9.065486908	9.88
82.4	9.4559021	10.4
82.5	9.594566345	10.6
82.6	9.562252045	10.9
82.7	9.767297745	11.6
82.8	10.22237682	12.2
82.9	10.3725605	12.5
83	10.25281048	12.8
83.1	10.39103985	13.4
83.2	10.56822395	13.8
83.3	10.45720673	14
83.4	10.59023666	14.7
83.5	11.0510006	15.4
83.6	11.24940205	15.8
83.7	11.23620033	16.2
83.8	11.52581978	16.9
83.9	11.95964622	17.5
84	12.02404118	17.7
84.1	11.88420391	18
84.2	12.03995895	18.6
84.3	12.35326099	19.2
84.4	12.47984314	19.5
84.5	12.30749512	19.7
84.6	12.2151289	20.1
84.7	12.37030125	20.5
84.8	12.32855988	20.6
84.9	11.99507523	20.6
85	11.74911213	20.8
85.1	11.76169014	21.1
85.2	11.82348633	21.2
85.3	11.71442413	21.2
85.4	11.57418823	21.3
85.5	11.64112759	21.3
85.6	11.55899811	21.1
85.7	11.14167118	20.5
85.8	10.74665833	20.2
85.9	10.7329855	20.1
86	10.84442806	19.8
86.1	10.65356731	19.2
86.2	10.35264111	18.7
86.3	10.39533043	18.5
86.4	10.62659931	18.2
86.5	10.58136845	17.4
86.6	10.18732452	16.6
86.7	10.14982891	16.3
86.8	10.35285854	15.9
86.9	10.33897305	15.2
87	10.19581318	14.5
87.1	10.18088913	14
87.2	10.22564316	13.4
87.3	10.15869427	12.7
87.4	9.971835136	11.9
87.5	9.876866341	11.4
87.6	9.912293434	10.9
87.7	9.848363876	10.2
87.8	9.74576664	9.77
87.9	9.793511391	9.59
88	9.869202614	9.33
88.1	9.754753113	8.83
88.2	9.567294121	8.45
88.3	9.509334564	8.37
88.4	9.484415054	8.27
88.5	9.297486305	7.93
88.6	9.003604889	7.68
88.7	8.805621147	7.7
88.8	8.706485748	7.81
88.9	8.534111023	7.8
89	8.276278496	7.72
89.1	7.996840954	7.77
89.2	7.800994396	7.87
89.3	7.540651798	7.87
89.4	7.208482265	7.89
89.5	7.084676266	8.17
89.6	7.048163891	8.41
89.7	6.78257513	8.27
89.8	6.280077934	8.06
89.9	6.041958809	8.34
90	6.178871632	8.71
90.1	6.025745869	8.55
90.2	5.527353287	8.2
90.3	5.199478626	8.27
90.4	5.32722187	8.57
90.5	5.411243916	8.57
90.6	5.212618351	8.41
90.7	5.140102386	8.46
90.8	5.421316624	8.81
90.9	5.873175621	9.04
91	5.976875782	8.96
91.1	5.936327934	8.94
91.2	6.105350494	9.1
91.3	6.276597977	9.11
91.4	6.241082668	8.93
91.5	6.151591778	8.81
91.6	6.177638531	8.7
91.7	6.153104305	8.46
91.8	5.88117218	8.17
91.9	5.744087219	8.06
92	5.848590851	8.04
92.1	5.831560135	7.86
92.2	5.581462383	7.51
92.3	5.343482018	7.3
92.4	5.372807026	7.35
92.5	5.646471024	7.51
92.6	5.813694954	7.5
92.7	5.715346813	7.37
92.8	5.699297428	7.35
92.9	5.863171101	7.45
93	5.986395836	7.54
93.1	6.131630421	7.71
93.2	6.444760799	8.06
93.3	6.839457989	8.46
93.4	7.179188728	8.73
93.5	7.384908676	9.06
93.6	7.864271164	9.69
93.7	8.454120636	10.2
93.8	8.543257713	10.3
93.9	8.489079475	10.5
94	8.747247696	11
94.1	9.104136467	11.4
94.2	9.069566727	11.5
94.3	8.785107613	11.5
94.4	8.781684875	11.8
94.5	9.118678093	12.5
94.6	9.296022415	12.7
94.7	9.120742798	12.8
94.8	8.978319168	13
94.9	9.156630516	13.5
95	9.267807961	13.7
95.1	9.021395683	13.7
95.2	8.886606216	14
95.3	9.107199669	14.5
95.4	9.151797295	14.6
95.5	8.854284286	14.6
95.6	8.659282684	14.8
95.7	8.766673088	15.1
95.8	8.709655762	15.2
95.9	8.406760216	15.2
96	8.417441368	15.6
96.1	8.811516762	16.2
96.2	8.955245018	16.4
96.3	8.661407471	16.3
96.4	8.553692818	16.4
96.5	8.75378418	16.8
96.6	8.847898483	16.8
96.7	8.442958832	16.6
96.8	8.287085533	16.7
96.9	8.560305595	16.9
97	8.554150581	16.7
97.1	8.202649117	16.4
97.2	8.160683632	16.5
97.3	8.547878265	16.7
97.4	8.589035034	16.4
97.5	8.158330917	15.7
97.6	7.724394798	15.3
97.7	7.834020615	15.4
97.8	8.15025425	15.3
97.9	7.939840794	14.6
98	7.459828854	14
98.1	7.310253143	13.9
98.2	7.56106329	13.9
98.3	7.643686295	13.5
98.4	7.362510681	13
98.5	7.357506275	13
98.6	7.693117142	13.1
98.7	7.864455223	12.9
98.8	7.791845798	12.8
98.9	7.992446423	13
99	8.461719513	13.2
99.1	8.593075752	13
99.2	8.47514534	12.9
99.3	8.705905914	13.2
99.4	9.14925766	13.4
99.5	9.304208755	13.2
99.6	9.151744843	13.1
99.7	9.296857834	13.3
99.8	9.787682533	13.5
99.9	9.811416626	13.1
100	9.480947495	12.8
100.1	9.358511925	12.6
100.2	9.394050598	12.5
100.3	9.204435349	12
100.4	8.711802483	11.4
100.5	8.44278717	11.2
100.6	8.426969528	11
100.7	8.23638916	10.5
100.8	7.788365841	10
100.9	7.499568939	9.8
101	7.572226524	9.74
101.1	7.572691441	9.5
101.2	7.409127235	9.21
101.3	7.28543663	9.07
101.4	7.366904736	9.07
101.5	7.579357147	9.06
101.6	7.714934349	8.93
101.7	7.719716549	8.75
101.8	7.717653751	8.6
101.9	7.809677124	8.46
102	7.796198368	8.07
102.1	7.44846344	7.54
102.2	7.194351673	7.2
102.3	7.195643902	7.02
102.4	7.1579175	6.6
102.5	6.812455654	5.99
102.6	6.470311165	5.52
102.7	6.231663704	5.11
102.8	5.92091608	4.53
102.9	5.530794621	4
103	5.287909985	3.69
103.1	5.122306347	3.4
103.2	4.887405396	3.12
103.3	4.731266499	3.05
103.4	4.716955185	3.1
103.5	4.683893681	3.11
103.6	4.572909832	3.17
103.7	4.565606117	3.39
103.8	4.644278049	3.72
103.9	4.654702663	3.94
104	4.577013969	4.14
104.1	4.559223175	4.57
104.2	4.726058006	5.14
104.3	4.85646534	5.51
104.4	4.722508907	5.64
104.5	4.582479477	6.01
104.6	4.785321236	6.56
104.7	4.911653519	6.76
104.8	4.58199501	6.66
104.9	4.196931839	6.88
105	4.426793575	7.44
105.1	4.711356163	7.73
105.2	4.657250404	7.83
105.3	4.622612953	8.24
105.4	5.061881065	8.9
105.5	5.555392265	9.38
105.6	5.818713188	9.85
105.7	6.282206059	10.6
105.8	6.974164486	11.5
105.9	7.717788219	12.4
106	8.39166069	13.3
106.1	9.120229721	14.3
106.2	9.952569962	15.3
106.3	10.72924042	16.3
106.4	11.42918587	17.2
106.5	12.03386021	18
106.6	12.60026169	18.7
106.7	13.06747627	19.3
106.8	13.41108608	19.9
106.9	13.67658615	20.4
107	13.84790325	20.7
107.1	13.92803288	20.9
107.2	13.83087826	21
107.3	13.67650318	21.1
107.4	13.52248383	21.1
107.5	13.16908836	20.9
107.6	12.57033825	20.5
107.7	12.02910233	20.4
107.8	11.7119503	20.3
107.9	11.23030376	20
108	10.63988209	19.9
108.1	10.39834213	20
108.2	10.29773045	19.9
108.3	9.930931091	19.6
108.4	9.647039413	19.8
108.5	10.08555603	20.3
108.6	10.55596638	20.3
108.7	10.38059139	19.9
108.8	10.26779842	19.7
108.9	10.55857277	19.8
109	10.87179756	19.6
109.1	10.87770653	19.1
109.2	10.75364685	18.6
109.3	10.77911186	18.1
109.4	10.77363968	17.4
109.5	10.51816177	16.5
109.6	10.23968124	15.6
109.7	10.12619495	14.9
109.8	9.956011772	14
109.9	9.63801384	12.8
110	9.341008186	11.9
110.1	9.234792709	11.2
110.2	9.183501244	10.5
110.3	9.031794548	9.6
110.4	8.883442879	9
110.5	8.841158867	8.7
110.6	8.814216614	8.26
110.7	8.704883575	7.8
110.8	8.642370224	7.77
110.9	8.692122459	7.92
111	8.725401878	7.83
111.1	8.676954269	7.68
111.2	8.702390671	7.84
111.3	8.871890068	8.12
111.4	9.02891922	8.09
111.5	8.97074604	7.83
111.6	8.942000389	7.69
111.7	8.975342751	7.57
111.8	8.888118744	7.07
111.9	8.594705582	6.48
112	8.377691269	6.16
112.1	8.25894928	5.75
112.2	7.91787529	4.9
112.3	7.438381195	4.04
112.4	7.102494717	3.58
112.5	6.912699699	3.22
112.6	6.635230541	2.6
112.7	6.283083916	1.97
112.8	5.994647026	1.66
112.9	5.802010536	1.53
113	5.610805035	1.35
113.1	5.35038805	1.15
113.2	5.095574856	1.14
113.3	4.936367035	1.31
113.4	4.787368774	1.31
113.5	4.493117332	1.26
113.6	4.207380295	1.55
113.7	4.199197769	2.05
113.8	4.248724461	2.23
113.9	4.035450935	2.21
114	3.7760818	2.46
114.1	3.921883821	2.84
114.2	4.05356741	2.91
114.3	3.848168612	2.85
114.4	3.627484083	2.93
114.5	3.371722221	2.98
114.6	3.162697315	2.82
114.7	2.846349955	2.58
114.8	2.621821165	2.44
114.9	2.627306461	2.44
115	2.733059883	2.44
115.1	2.790637255	2.42
115.2	2.827691317	2.4
115.3	2.963993549	2.41
115.4	3.187916994	2.44
115.5	3.397826195	2.53
115.6	3.62617588	2.77
115.7	3.8816998	3.18
115.8	4.180434704	3.76
115.9	4.549785137	4.42
116	4.887678623	5.01
116.1	5.112569332	5.61
116.2	5.374308109	6.47
116.3	5.846589088	7.26
116.4	6.025190353	7.79
116.5	6.068739891	8.44
116.6	6.393357277	9.32
116.7	6.76180315	9.91
116.8	6.663090229	10.2
116.9	6.428828239	10.6
117	6.479365349	11.2
117.1	6.573667049	11.6
117.2	6.310539246	11.8
117.3	6.066217422	12.1
117.4	5.972733021	12.6
117.5	5.996459961	13
117.6	5.95605135	13.6
117.7	5.951730251	14.2
117.8	6.057488441	14.9
117.9	6.197730541	15.5
118	6.319090843	16.2
118.1	6.533973217	17.1
118.2	7.03325367	18.2
118.3	7.54610014	19.1
118.4	7.787470341	19.7
118.5	7.859231949	20.2
118.6	8.101005554	21
118.7	8.509662628	21.7
118.8	8.844619751	22.2
118.9	8.99917984	22.4
119	9.051796913	22.6
119.1	9.174070358	22.9
119.2	9.313560486	23
119.3	9.410017967	22.9
119.4	9.397450447	22.7
119.5	9.434771538	22.7
119.6	9.419228554	22.4
119.7	9.328317642	21.8
119.8	9.085558891	21.3
119.9	9.024343491	21
120	9.121732712	20.6
120.1	9.055356979	19.8
120.2	8.804765701	19
120.3	8.68328476	18.5
120.4	8.840275764	18
120.5	8.978620529	17.3
120.6	8.967417717	16.6
120.7	9.060096741	16
120.8	9.320388794	15.6
120.9	9.658524513	15
121	9.891749382	14.4
121.1	10.08734512	13.9
121.2	10.37458515	13.4
121.3	10.60469246	12.8
121.4	10.75511742	12.3
121.5	10.99026966	12
121.6	11.28398323	11.5
121.7	11.44572163	10.8
121.8	11.47903347	10.2
121.9	11.52171707	9.7
122	11.66924381	9.16
122.1	11.80895996	8.56
122.2	11.77831173	7.87
122.3	11.6385479	7.17
122.4	11.47705555	6.53
122.5	11.37049103	5.97
122.6	11.25735283	5.41
122.7	11.06436062	4.83
122.8	10.84642982	4.37
122.9	10.67842293	4.04
123	10.55016518	3.8
123.1	10.38894749	3.72
123.2	10.27120495	3.73
123.3	10.17938614	3.85
123.4	10.12254333	4.18
123.5	10.10570812	4.44
123.6	10.03599453	4.55
123.7	9.916116714	4.69
123.8	9.801411629	4.85
123.9	9.659134865	4.95
124	9.476191521	5
124.1	9.251408577	5
124.2	9.01186657	5.02
124.3	8.72734642	5
124.4	8.364605904	4.91
124.5	8.009067535	5.03
124.6	7.73581028	5.23
124.7	7.439673901	5.12
124.8	6.998608112	4.97
124.9	6.597903728	5.14
125	6.335764408	5.28
125.1	5.944087982	5.05
125.2	5.372197151	4.89
125.3	5.009266853	5.07
125.4	4.931013107	5.25
125.5	4.728775024	5.02
125.6	4.167768478	4.77
125.7	3.86386919	4.82
125.8	4.078477383	4.85
125.9	4.082658291	4.6
126	3.713258028	4.42
126.1	3.584317446	4.35
126.2	3.845304251	4.3
126.3	4.056545258	4.43
126.4	4.297335625	4.77
126.5	4.684962749	5.16
126.6	5.166296005	5.82
126.7	5.7545228	6.88
126.8	6.522051811	7.91
126.9	7.247984409	8.75
127	7.884339809	9.81
127.1	8.692227364	11.2
127.2	9.65538311	12.6
127.3	10.44377232	13.6
127.4	11.03936005	14.7
127.5	11.73792362	16
127.6	12.52856922	17.2
127.7	13.04878521	18.1
127.8	13.37697029	19
127.9	13.91982651	20.1
128	14.44204712	20.9
128.1	14.51491165	21.3
128.2	14.48903275	21.9
128.3	14.78613377	22.7
128.4	15.02820015	23.1
128.5	14.85668468	23.2
128.6	14.62487507	23.6
128.7	14.83866787	24.2
128.8	14.94589233	24.2
128.9	14.37526226	23.9
129	13.91137314	24
129.1	14.03619576	24.4
129.2	13.99100494	24.1
129.3	13.32375145	23.6
129.4	12.82264423	23.6
129.5	12.96362686	23.7
129.6	12.86994076	23.2
129.7	12.13127518	22.4
129.8	11.61059761	22
129.9	11.64768028	21.8
130	11.66116428	21.2
130.1	11.23658848	20.3
130.2	10.87914562	19.5
130.3	10.81749058	18.7
130.4	10.8595314	17.9
130.5	10.84161282	16.8
130.6	10.82288647	15.7
130.7	10.94106865	14.6
130.8	11.18325233	13.3
130.9	11.42925739	12.1
131	11.73091984	10.8
131.1	12.11211681	9.5
131.2	12.54928112	8.34
131.3	13.10526752	7.39
131.4	13.70507813	6.51
131.5	14.2673893	5.73
131.6	14.79794502	5.3
131.7	15.34569359	5.11
131.8	15.8405571	5.17
131.9	16.28412247	5.39
132	16.63166618	5.48
132.1	16.84821892	5.62
132.2	17.00338173	5.94
132.3	17.10395241	6.09
132.4	17.06414604	5.94
132.5	16.91047668	5.96
132.6	16.698349	6.14
132.7	16.39530563	6.03
132.8	15.95263195	5.68
132.9	15.44060612	5.56
133	14.94212437	5.72
133.1	14.37344456	5.63
133.2	13.7126503	5.28
133.3	12.96726131	5.11
133.4	12.27563095	5.08
133.5	11.5276022	4.78
133.6	10.66710758	4.38
133.7	9.854485512	4.31
133.8	9.155995369	4.27
133.9	8.42109108	3.75
134	7.500279427	3.09
134.1	6.643885136	2.83
134.2	6.063229561	2.63
134.3	5.427854538	2
134.4	4.604602814	1.39
134.5	3.976493359	1.14
134.6	3.777544022	0.982
134.7	3.579687119	1.03
134.8	3.262101173	1.65
134.9	3.1466043	2.28
135	3.267399549	2.95
135.1	3.429363251	3.91
135.2	3.731714725	5.01
135.3	4.227359772	5.96
135.4	4.750267029	6.69
135.5	5.226357937	7.46
135.6	5.733455658	8.36
135.7	6.294132233	9.11
135.8	6.774890423	9.57
135.9	7.084948063	9.95
136	7.354158401	10.5
136.1	7.662321091	11
136.2	7.877407551	11.2
136.3	7.854198933	11.3
136.4	7.883825779	11.7
136.5	8.032196999	12.1
136.6	8.099481583	12.3
136.7	7.941069603	12.3
136.8	7.723350525	12.7
136.9	7.712195873	13.1
137	7.811453819	13.4
137.1	7.752011299	13.7
137.2	7.700826645	14
137.3	7.62946701	14.2
137.4	7.507164001	14.4
137.5	7.46629858	14.8
137.6	7.595284939	15.2
137.7	7.624213696	15.3
137.8	7.524719238	15.5
137.9	7.620492935	15.9
138	7.823916912	16.1
138.1	7.840095043	16.2
138.2	7.811290264	16.4
138.3	7.921184063	16.6
138.4	8.070672989	16.8
138.5	8.222752571	16.9
138.6	8.179472923	16.8
138.7	8.029938698	16.7
138.8	7.908249855	16.6
138.9	7.82535553	16.5
139	7.614636421	16.2
139.1	7.440873146	16
139.2	7.410138607	15.9
139.3	7.347833633	15.6
139.4	7.170401573	15.1
139.5	7.008386612	14.6
139.6	6.907069206	14.1
139.7	6.841325283	13.6
139.8	6.797373295	13
139.9	6.913081646	12.5
140	7.141143799	12
140.1	7.305622101	11.2
140.2	7.476292133	10.5
140.3	7.825757027	9.98
140.4	8.242705345	9.33
140.5	8.647182465	8.64
140.6	9.1056633	8.15
140.7	9.601381302	7.64
140.8	10.08323765	6.98
140.9	10.54295635	6.35
141	10.99755764	5.78
141.1	11.43673611	5.18
141.2	11.82997417	4.64
141.3	12.1915226	4.19
141.4	12.49990559	3.79
141.5	12.73476315	3.5
141.6	12.92175961	3.39
141.7	13.04566574	3.42
141.8	13.09753132	3.51
141.9	13.07221127	3.71
142	12.9646349	3.97
142.1	12.76943588	4.18
142.2	12.45501995	4.41
142.3	12.08691978	4.72
142.4	11.70561218	4.98
142.5	11.21353245	5.02
142.6	10.58762646	4.99
142.7	9.929532051	5.05
142.8	9.266717911	4.91
142.9	8.487987518	4.53
143	7.621856213	4.26
143.1	6.82545042	4.19
143.2	6.106560707	3.95
143.3	5.295027256	3.32
143.4	4.381285667	2.65
143.5	3.590138674	2.29
143.6	2.956549168	1.9
143.7	2.361395836	1.05
143.8	1.961236715	0.523
143.9	2.002109289	0.755
144	2.077684402	1.1
144.1	2.404555559	1.9
144.2	2.975774288	2.74
144.3	3.377083063	3.23
144.4	3.587247849	3.65
144.5	3.857665062	4.2
144.6	4.145235538	4.66
144.7	4.241961479	4.98
144.8	4.271735191	5.32
144.9	4.370595932	5.75
145	4.413239479	6.07
145.1	4.340004444	6.37
145.2	4.295026302	6.89
145.3	4.371158123	7.49
145.4	4.443172932	8.13
145.5	4.508829117	8.78
145.6	4.594603539	9.29
145.7	4.672353268	9.79
145.8	4.73794651	10.3
145.9	4.791748047	10.8
146	4.773878574	11.1
146.1	4.749973774	11.4
146.2	4.774452209	11.8
146.3	4.821023941	12
146.4	4.783201218	12.3
146.5	4.797858238	12.6
146.6	4.924990177	13
146.7	5.003526688	13.1
146.8	4.91408968	13.2
146.9	4.990956306	13.6
147	5.269578457	13.7
147.1	5.186223984	13.4
147.2	4.820863724	13.2
147.3	4.703197956	13.5
147.4	5.002684593	13.7
147.5	5.018054962	13.2
147.6	4.586663246	12.9
147.7	4.52232933	13.2
147.8	5.116656303	13.5
147.9	5.396807671	13.2
148	5.252088547	13.2
148.1	5.580433369	13.7
148.2	6.324318409	14
148.3	6.667262554	13.9
148.4	6.783503056	13.9
148.5	7.206190586	14.5
148.6	7.865429401	14.7
148.7	8.060779572	14.3
148.8	7.976522923	14.3
148.9	8.308515549	14.8
149	8.894465446	15
149.1	9.028643608	14.6
149.2	8.928789139	14.5
149.3	9.126272202	14.9
149.4	9.483130455	14.9
149.5	9.474543571	14.5
149.6	9.30727005	14.4
149.7	9.43030262	14.7
149.8	9.687532425	14.6
149.9	9.57909584	14
150	9.146439552	13.4
150.1	8.890637398	13.2
150.2	8.81464386	12.7
150.3	8.511182785	11.9
150.4	8.014920235	11.1
150.5	7.731352329	10.7
150.6	7.601135254	10.1
150.7	7.375617027	9.28
150.8	7.17509222	8.73
150.9	7.165458679	8.43
151	7.229518414	7.87
151.1	7.171066284	7.06
151.2	7.112175465	6.45
151.3	7.177341938	5.99
151.4	7.293880463	5.37
151.5	7.390832424	4.69
151.6	7.510446072	4.15
151.7	7.667640209	3.68
151.8	7.827034473	3.2
151.9	7.994682789	2.79
152	8.177447319	2.44
152.1	8.351790428	2.19
152.2	8.520623207	2.16
152.3	8.683117867	2.19
152.4	8.79958725	2.1
152.5	8.88228035	2.14
152.6	8.972061157	2.44
152.7	9.049429893	2.7
152.8	9.070654869	2.81
152.9	9.019812584	2.97
153	8.922469139	3.32
153.1	8.854595184	3.56
153.2	8.720524788	3.55
153.3	8.484118462	3.66
153.4	8.256680489	3.88
153.5	8.03572464	3.82
153.6	7.660216808	3.46
153.7	7.134662628	3.1
153.8	6.623705387	2.74
153.9	6.044207573	2.18
154	5.275667191	1.67
154.1	4.457542419	1.53
154.2	3.73395133	1.72
154.3	2.953527212	2.32
154.4	2.155616522	3.26
154.5	1.607393146	4.3
154.6	1.705863953	5.25
154.7	2.276771545	6.27
154.8	3.100345135	7.38
154.9	3.994681597	8.46
155	4.951880455	9.44
155.1	5.927355766	10.3
155.2	6.743806839	11.1
155.3	7.47317791	12.1
155.4	8.284352303	12.9
155.5	9.05156517	13.4
155.6	9.492479324	13.7
155.7	9.764624596	14.1
155.8	10.21282578	14.6
155.9	10.58971691	14.8
156	10.66358376	14.8
156.1	10.6813736	15.1
156.2	10.81443024	15.4
156.3	10.86915779	15.4
156.4	10.78910732	15.4
156.5	10.58707142	15.5
156.6	10.53227234	15.9
156.7	10.66045952	16.1
156.8	10.68659687	16.1
156.9	10.51087666	16.1
157	10.31960011	16.3
157.1	10.40294933	16.3
157.2	10.41673946	16
157.3	10.0647068	15.8
157.4	9.876241684	16.1
157.5	10.186306	16.1
157.6	10.29917049	15.6
157.7	9.937074661	15.3
157.8	9.749614716	15.2
157.9	9.991174698	14.9
158	9.9977808	14.2
158.1	9.527925491	13.7
158.2	9.346395493	13.6
158.3	9.582033157	13.1
158.4	9.492733955	12.1
158.5	8.843782425	11.1
158.6	8.354834557	10.7
158.7	8.359099388	10.1
158.8	8.265709877	9.16
158.9	7.831480026	8.56
159	7.734924316	8.48
159.1	8.027010918	8.1
159.2	8.075659752	7.31
159.3	7.880004883	6.98
159.4	7.996423721	7.25
159.5	8.406089783	7.29
159.6	8.614967346	6.94
159.7	8.601214409	6.84
159.8	8.72863102	7.08
159.9	8.966266632	7.12
160	9.065185547	6.84
160.1	9.002000809	6.71
160.2	9.010581017	6.85
160.3	9.06248951	6.83
160.4	9.027041435	6.55
160.5	8.890454292	6.32
160.6	8.749927521	6.28
160.7	8.613500595	6.16
160.8	8.428701401	5.75
160.9	8.167077065	5.35
161	7.908037186	5.21
161.1	7.662412643	5.11
161.2	7.393710136	4.76
161.3	7.082782745	4.39
161.4	6.747505188	4.25
161.5	6.433407784	4.04
161.6	6.100887299	3.67
161.7	5.766063213	3.43
161.8	5.430391788	3.39
161.9	5.078199863	3.41
162	4.726292133	3.41
162.1	4.393463612	3.49
162.2	4.083525181	3.61
162.3	3.789905548	3.73
162.4	3.544286489	3.98
162.5	3.375284195	4.4
162.6	3.3084867	4.82
162.7	3.40399456	5.12
162.8	3.553359747	5.33
162.9	3.598993063	5.45
163	3.538331985	5.6
163.1	3.579306602	5.92
163.2	3.853619576	6.23
163.3	4.098493099	6.34
163.4	4.10197401	6.44
163.5	4.069187641	6.66
163.6	4.223475933	6.9
163.7	4.377011299	7.04
163.8	4.383750439	7.2
163.9	4.422008514	7.47
164	4.55550909	7.81
164.1	4.749212265	8.29
164.2	5.056168079	8.87
164.3	5.479880333	9.37
164.4	5.779220104	9.83
164.5	5.978482246	10.3
164.6	6.263153553	10.8
164.7	6.540079594	11.3
164.8	6.797235489	11.8
164.9	7.017522335	12.3
165	7.250727177	12.7
165.1	7.481426716	13.1
165.2	7.606079578	13.4
165.3	7.633993626	13.8
165.4	7.843772411	14
165.5	7.839711666	14
165.6	7.560609818	14.1
165.7	7.453628063	14.5
165.8	7.716663361	14.8
165.9	7.913854122	14.7
166	7.627631664	14.6
166.1	7.278917313	14.7
166.2	7.210173607	14.7
166.3	7.117511749	14.5
166.4	6.806074619	14.4
166.5	6.678269863	14.6
166.6	6.911617279	14.4
166.7	6.821985245	14
166.8	6.520290852	13.9
166.9	6.52888155	13.8
167	6.659825325	13.3
167.1	6.520245552	12.8
167.2	6.316003323	12.6
167.3	6.535450935	12.5
167.4	6.933494568	12
167.5	7.024949074	11.4
167.6	7.006007195	11.1
167.7	7.260009289	10.8
167.8	7.565705299	10.2
167.9	7.667539597	9.58
168	7.690041065	9.29
168.1	7.946965694	9.06
168.2	8.263152122	8.57
168.3	8.37015152	8.08
168.4	8.38947773	7.89
168.5	8.553738594	7.66
168.6	8.744445801	7.04
168.7	8.633501053	6.51
168.8	8.497203827	6.5
168.9	8.596788406	6.58
169	8.780736923	6.26
169.1	8.681926727	5.86
169.2	8.429409981	5.72
169.3	8.322414398	5.6
169.4	8.26620388	5.32
169.5	7.9696455	5.09
169.6	7.641126633	5.04
169.7	7.464515209	4.96
169.8	7.249097824	4.76
169.9	6.876828671	4.7
170	6.481461525	4.82
170.1	6.270950794	4.77
170.2	6.003614426	4.49
170.3	5.43432045	4.53
170.4	4.980941772	4.92
170.5	4.910653591	5.03
170.6	4.705292702	4.76
170.7	4.109648228	4.84
170.8	3.753166199	5.3
170.9	3.882062435	5.38
171	3.744576693	5.15
171.1	3.271892786	5.44
171.2	3.330865383	6
171.3	3.807482243	5.98
171.4	3.797230244	5.74
171.5	3.514984131	6.09
171.6	3.792763948	6.62
171.7	4.247270584	6.59
171.8	4.27798605	6.41
171.9	4.18343544	6.62
172	4.333852768	6.97
172.1	4.508861065	7.07
172.2	4.529831886	7.08
172.3	4.475655079	7.32
172.4	4.522185326	7.72
172.5	4.649855614	7.92
172.6	4.650869846	7.93
172.7	4.52578783	8.15
172.8	4.448893547	8.55
172.9	4.547012806	8.71
173	4.576210022	8.71
173.1	4.433349609	9.01
173.2	4.442435265	9.6
173.3	4.740354061	9.9
173.4	4.939071178	9.93
173.5	4.838858128	10.3
173.6	4.964550018	10.9
173.7	5.379703999	11.3
173.8	5.594199657	11.3
173.9	5.510965824	11.7
174	5.781498909	12.4
174.1	6.317543507	12.6
174.2	6.422914982	12.5
174.3	6.13374567	12.8
174.4	6.298161983	13.3
174.5	6.720353127	13.5
174.6	6.750874519	13.4
174.7	6.523226738	13.6
174.8	6.675757885	14.1
174.9	7.103565693	14.2
175	7.149126053	13.9
175.1	6.915988922	14
175.2	7.021843433	14.5
175.3	7.512448788	14.7
175.4	7.731767178	14.5
175.5	7.717797279	14.5
175.6	7.908845425	14.9
175.7	8.343131065	14.9
175.8	8.520713806	14.5
175.9	8.336620331	14.2
176	8.33470726	14.2
176.1	8.479714394	14.1
176.2	8.470452309	13.6
176.3	8.31080246	13.3
176.4	8.315032959	13.2
176.5	8.379583359	12.9
176.6	8.253699303	12.4
176.7	8.158680916	12.4
176.8	8.414014816	12.2
176.9	8.528168678	11.6
177	8.125180244	11
177.1	7.890219688	10.8
177.2	8.05872345	10.6
177.3	8.157259941	10.1
177.4	7.917595863	9.68
177.5	7.818087578	9.44
177.6	8.009462357	9.02
177.7	7.962598324	8.43
177.8	7.704967499	7.98
177.9	7.666136742	7.65
178	7.802418709	7.17
178.1	7.721585751	6.59
178.2	7.552279472	6.14
178.3	7.558089256	5.65
178.4	7.598583698	5.06
178.5	7.492330074	4.6
178.6	7.460133553	4.3
178.7	7.550087929	3.92
178.8	7.605381489	3.4
178.9	7.594216824	2.94
179	7.576094151	2.64
179.1	7.604785442	2.47
179.2	7.64883852	2.32
179.3	7.663105965	2.16
179.4	7.63465929	2.09
179.5	7.580310822	2.11
179.6	7.486902714	2.15
179.7	7.382082462	2.25
179.8	7.240307808	2.48
179.9	7.040118694	2.8
180	6.77316618	3.08
180.1	6.467591286	3.19
180.2	6.162329674	3.26
180.3	5.833284855	3.59
180.4	5.459955215	4.07
180.5	5.041089535	4.46
180.6	4.606349468	4.87
180.7	4.155060768	5.41
180.8	3.727705717	5.93
180.9	3.360719681	6.27
181	2.963677645	6.73
181.1	2.661778927	7.41
181.2	2.620129824	7.89
181.3	2.670873165	8.25
181.4	2.746138096	8.89
181.5	3.095684052	9.59
181.6	3.673980713	10.1
181.7	4.186074734	10.5
181.8	4.707782745	11.1
181.9	5.276888371	11.6
182	5.823484898	12
182.1	6.270359993	12.4
182.2	6.821497917	13.2
182.3	7.524227142	13.9
182.4	8.244254112	14.2
182.5	8.769334793	14.6
182.6	9.192700386	15.1
182.7	9.667284966	15.5
182.8	10.11192513	15.6
182.9	10.36297894	15.8
183	10.57706356	16.1
183.1	10.85302734	16.3
183.2	11.09712029	16.3
183.3	11.06107235	16.1
183.4	10.8293047	16.1
183.5	10.73617744	16.4
183.6	10.96765709	16.6
183.7	11.31325245	16.6
183.8	11.24498177	16.5
183.9	10.96581554	16.6
184	11.02721405	16.5
184.1	11.03855324	16.1
184.2	10.62805843	15.9
184.3	10.29644966	15.9
184.4	10.3749361	15.7
184.5	10.30233002	15.1
184.6	9.758060455	14.6
184.7	9.25641346	14.4
184.8	9.110967636	14
184.9	9.01597023	13.2
185	8.450844765	12.6
185.1	7.987100124	12.4
185.2	8.098402977	12.1
185.3	8.284840584	11.4
185.4	8.01348877	10.8
185.5	7.827559471	10.6
185.6	8.160228729	10.4
185.7	8.46941185	9.83
185.8	8.489299774	9.28
185.9	8.536058426	8.69
186	8.63485527	7.99
186.1	8.72410202	7.48
186.2	8.853982925	7.14
186.3	9.069993019	6.55
186.4	9.191859245	5.83
186.5	9.223863602	5.47
186.6	9.315817833	5.29
186.7	9.412579536	4.67
186.8	9.442466736	3.96
186.9	9.434104919	3.73
187	9.405563354	3.58
187.1	9.30819416	3.04
187.2	9.175619125	2.54
187.3	9.033709526	2.37
187.4	8.849046707	2.16
187.5	8.625019073	1.77
187.6	8.373568535	1.55
187.7	8.083345413	1.53
187.8	7.727013588	1.48
187.9	7.359668255	1.38
188	6.97873497	1.57
188.1	6.520887375	2.13
188.2	5.983333111	2.69
188.3	5.470293999	3.22
188.4	5.014153957	3.98
188.5	4.62160778	4.9
188.6	4.385296345	5.7
188.7	4.301419735	6.36
188.8	4.356650829	7.02
188.9	4.500653744	7.63
189	4.643095016	8.3
189.1	5.003314018	9.07
189.2	5.632436752	9.64
189.3	6.025300026	9.89
189.4	6.066420555	10.2
189.5	6.315114975	10.7
189.6	6.964246273	11.1
189.7	7.351421833	11.2
189.8	7.280027866	11.2
189.9	7.329218388	11.5
190	7.801751137	12
190.1	8.379127502	12.1
190.2	8.455413818	12.1
190.3	8.487879753	12.3
190.4	8.936288834	12.8
190.5	9.424224854	13
190.6	9.514748573	12.9
190.7	9.475624084	13.2
190.8	9.860216141	13.9
190.9	10.51725769	14.1
191	10.68070126	14.1
191.1	10.5535717	14.5
191.2	10.95261478	15.2
191.3	11.64635277	15.7
191.4	11.93914127	15.6
191.5	11.83800602	15.6
191.6	11.9006567	16
191.7	12.313797	16.1
191.8	12.34335423	15.5
191.9	11.74878788	15
192	11.20478725	14.9
192.1	11.11782455	14.6
192.2	10.86348343	13.8
192.3	9.996053696	13
192.4	9.16740036	12.7
192.5	8.942568779	12.3
192.6	8.613030434	11.3
192.7	7.665672779	10.5
192.8	7.036093235	10.3
192.9	7.021745205	9.93
193	6.931613445	9.25
193.1	6.608840942	8.81
193.2	6.542818069	8.65
193.3	6.690757275	8.4
193.4	6.81986475	8.02
193.5	6.843080044	7.84
193.6	7.001077652	7.84
193.7	7.251775265	7.67
193.8	7.392548561	7.32
193.9	7.410644054	7.12
194	7.468266964	7.11
194.1	7.540194511	7.13
194.2	7.608128071	7.08
194.3	7.599503994	7
194.4	7.542209625	7.09
194.5	7.525421143	7.25
194.6	7.472574234	7.29
194.7	7.34718132	7.3
194.8	7.150083542	7.35
194.9	6.973093987	7.4
195	6.735151291	7.5
195.1	6.520361423	7.59
195.2	6.302418709	7.61
195.3	6.00244236	7.77
195.4	5.772585392	8.21
195.5	5.730125427	8.58
195.6	5.709766388	8.73
195.7	5.558568001	9.01
195.8	5.510649204	9.58
195.9	5.859129906	10
196	6.165953159	10.1
196.1	6.156774044	10.3
196.2	6.266981125	10.8
196.3	6.717290401	11
196.4	7.049248219	10.9
196.5	6.886948586	10.9
196.6	6.914838791	11.1
196.7	7.216300964	11.2
196.8	7.345767975	11.1
196.9	7.364266396	11.2
197	7.597000122	11.3
197.1	7.916567802	11.3
197.2	8.019515038	11.3
197.3	8.035739899	11.5
197.4	8.255459785	11.7
197.5	8.593152046	11.9
197.6	8.837565422	12
197.7	9.009925842	12.2
197.8	9.285975456	12.3
197.9	9.39461422	12.2
198	9.325206757	12.2
198.1	9.400803566	12.4
198.2	9.509334564	12.4
198.3	9.530390739	12.5
198.4	9.526150703	12.7
198.5	9.662004471	12.7
198.6	9.638948441	12.6
198.7	9.400790215	12.5
198.8	9.26867485	12.6
198.9	9.236706734	12.4
199	8.978960037	12.1
199.1	8.551265717	11.8
199.2	8.177713394	11.7
199.3	7.870492935	11.4
199.4	7.470371246	11
199.5	7.080551624	10.6
199.6	6.610313892	10.4
199.7	6.247808933	10.4
199.8	6.076496124	10.3
199.9	6.008113861	10
200	5.721223354	9.86
200.1	5.503529072	9.95
200.2	5.515658379	9.98
200.3	5.558843136	9.84
200.4	5.431516647	9.79
200.5	5.315983772	9.88
200.6	5.311451912	9.89
200.7	5.294438839	9.83
200.8	5.211915016	9.71
200.9	5.046076775	9.57
201	4.87796402	9.6
201.1	4.853831768	9.75
201.2	4.870274544	9.81
201.3	4.801440716	9.76
201.4	4.712782383	9.63
201.5	4.558108807	9.62
201.6	4.428404808	9.86
201.7	4.461636066	10.2
201.8	4.635267258	10.4
201.9	4.80350256	10.8
202	5.059814453	11.2
202.1	5.41152668	11.5
202.2	5.657187939	11.7
202.3	5.854185104	12
202.4	6.212556839	12.5
202.5	6.732178688	12.9
202.6	7.240343571	13
202.7	7.416427612	13
202.8	7.545078754	13.2
202.9	7.945211887	13.5
203	8.345231056	13.4
203.1	8.4399786	13.5
203.2	8.682866096	13.8
203.3	9.222336769	14
203.4	9.599011421	13.9
203.5	9.642650604	13.8
203.6	9.770845413	14
203.7	10.16195297	14.2
203.8	10.4710331	14
203.9	10.551651	14
204	10.62791824	14.2
204.1	11.00189495	14.2
204.2	11.28941727	14
204.3	11.27142525	13.8
204.4	11.25922298	13.9
204.5	11.55622673	14
204.6	11.88753223	13.7
204.7	11.77956295	13.3
204.8	11.56149292	13.3
204.9	11.69271088	13.2
205	11.85711956	12.7
205.1	11.48852062	12.1
205.2	10.99915886	11.8
205.3	10.86160374	11.4
205.4	10.67941284	10.7
205.5	10.10758972	9.9
205.6	9.321182251	9.5
205.7	8.943450928	9.13
205.8	8.753175735	8.28
205.9	8.053297997	7.32
206	7.046150208	6.82
206.1	6.537388325	6.53
206.2	6.433491707	5.91
206.3	6.00242424	5.28
206.4	5.369948387	5.01
206.5	5.152142525	4.83
206.6	5.188589573	4.49
206.7	5.116606236	4.22
206.8	5.063336372	4.16
206.9	5.22674036	4.09
207	5.40474844	4
207.1	5.575799465	4.06
207.2	5.752287388	4.16
207.3	5.952833652	4.15
207.4	6.129199505	4.1
207.5	6.22397089	4.21
207.6	6.322654724	4.56
207.7	6.432316303	4.85
207.8	6.464608192	4.99
207.9	6.395272255	5.16
208	6.23100853	5.41
208.1	6.021964073	5.67
208.2	5.733368397	6
208.3	5.395978451	6.52
208.4	5.031446457	7.07
208.5	4.644566059	7.52
208.6	4.173415661	8.12
208.7	3.745378733	8.99
208.8	3.561882973	9.89
208.9	3.641236782	10.6
209	3.717101574	11.2
209.1	3.879054308	12.2
209.2	4.621035576	13.3
209.3	5.651694775	14.2
209.4	6.506202221	15
209.5	7.226068974	16
209.6	8.253196716	17
209.7	9.364998817	17.6
209.8	10.12393856	18.2
209.9	10.80667496	19.1
210	11.71532249	19.9
210.1	12.67310715	20.3
210.2	13.26196671	20.7
210.3	13.73145771	21.1
210.4	14.25221252	21.3
210.5	14.61898804	21.5
210.6	14.92811966	21.8
210.7	15.32086372	22.2
210.8	15.76393986	22.2
210.9	15.87819672	22
211	15.79520702	22
211.1	15.92044449	22.2
211.2	16.16836548	22.2
211.3	16.26748657	22.1
211.4	16.28562546	22.1
211.5	16.43606567	22.1
211.6	16.64207649	21.8
211.7	16.55470657	21.4
211.8	16.28557587	21
211.9	16.09712601	20.6
212	15.92925262	19.9
212.1	15.56586647	19.2
212.2	14.99876118	18.6
212.3	14.68348122	17.9
212.4	14.32111645	16.9
212.5	13.6499424	16.1
212.6	13.1472826	15.4
212.7	12.81136894	14.5
212.8	12.34082031	13.4
212.9	11.62911606	12.4
213	11.01509762	11.7
213.1	10.86960602	11.2
213.2	10.9309206	10.2
213.3	10.58011532	9.14
213.4	10.11346149	8.45
213.5	10.04845428	7.86
213.6	10.12566566	7.01
213.7	10.02261448	6.21
213.8	9.98265934	5.77
213.9	10.18763447	5.3
214	10.41163063	4.51
214.1	10.47552395	3.87
214.2	10.59680176	3.74
214.3	10.84018612	3.56
214.4	11.01806355	2.95
214.5	11.11331558	2.42
214.6	11.18363285	2.24
214.7	11.22796917	2.04
214.8	11.21178722	1.64
214.9	11.10566807	1.36
215	10.95417881	1.35
215.1	10.73403358	1.38
215.2	10.44723892	1.38
215.3	10.11536884	1.51
215.4	9.680800438	1.79
215.5	9.164420128	2.09
215.6	8.57549572	2.33
215.7	7.923274994	2.69
215.8	7.193829536	3.26
215.9	6.408874035	3.94
216	5.593262196	4.63
216.1	4.757089138	5.24
216.2	3.965656042	5.95
216.3	3.272106409	6.86
216.4	2.897131681	7.57
216.5	2.967469215	7.94
216.6	3.150705814	8.51
216.7	3.655521631	9.49
216.8	4.777257442	10.2
216.9	5.98303175	10.6
217	6.817457199	11.4
217.1	7.90389967	12.7
217.2	9.472543716	13.3
217.3	10.72017193	13.5
217.4	11.41052437	14.2
217.5	12.26743412	15.4
217.6	13.63977051	16.3
217.7	14.86373615	16.6
217.8	15.52248001	17.3
217.9	16.22108269	18.4
218	17.2418766	19.2
218.1	18.17605972	19.6
218.2	18.63837814	20
218.3	18.94353867	20.7
218.4	19.3974247	21.1
218.5	19.85937119	21.2
218.6	19.91288948	21.3
218.7	19.72833633	21.6
218.8	19.72817993	21.9
218.9	19.88484764	21.7
219	19.69590569	21.6
219.1	19.16943741	21.6
219.2	18.85998917	21.7
219.3	18.70133591	21.3
219.4	18.18707085	21
219.5	17.41499138	21
219.6	16.98955345	20.8
219.7	16.62310028	20.1
219.8	15.6748333	19.6
219.9	14.71166039	19.7
220	14.42370892	19.4
220.1	14.16881752	18.6
220.2	13.12051773	18.1
220.3	12.15578365	18.1
220.4	12.05223751	17.9
220.5	12.05045223	17
220.6	11.3180027	16.4
220.7	10.60501575	16.3
220.8	10.67479038	16
220.9	10.82749557	15.2
221	10.42709446	14.5
221.1	10.10932255	14.3
221.2	10.32491302	13.9
221.3	10.46564865	12.9
221.4	10.21052933	12.2
221.5	9.976283073	11.8
221.6	10.10065651	11.4
221.7	10.19605064	10.5
221.8	10.0001049	9.57
221.9	9.751189232	9.22
222	9.691814423	9.01
222.1	9.685896873	8.34
222.2	9.470974922	7.68
222.3	9.18883419	7.56
222.4	8.9995327	7.42
222.5	8.824857712	6.93
222.6	8.515262604	6.79
222.7	8.171784401	7.19
222.8	7.970457077	7.32
222.9	7.735022545	6.98
223	7.296958447	6.98
223.1	6.871086597	7.5
223.2	6.687394619	7.74
223.3	6.468247414	7.52
223.4	6.016888142	7.64
223.5	5.643066406	8.33
223.6	5.705011845	8.86
223.7	5.905859947	8.87
223.8	5.858334064	9.1
223.9	5.821092606	9.85
224	6.367338657	10.3
224.1	6.941995621	10.4
224.2	7.185312271	10.8
224.3	7.636920452	11.8
224.4	8.642202377	12.4
224.5	9.597313881	12.4
224.6	10.01242924	12.7
224.7	10.45965481	13.5
224.8	11.35181332	14.1
224.9	12.18165016	14.2
225	12.661273	14.5
225.1	13.13038826	15
225.2	13.78170586	15.2
225.3	14.27985573	15.3
225.4	14.599823	15.7
225.5	15.03751469	15.9
225.6	15.39805698	15.8
225.7	15.45081806	15.8
225.8	15.55504513	16
225.9	15.88070774	16.1
226	16.01641083	15.8
226.1	15.79631329	15.7
226.2	15.65214348	15.5
226.3	15.59199238	15.1
226.4	15.19018173	14.5
226.5	14.59639072	14.2
226.6	14.14651966	13.9
226.7	13.91382027	13.3
226.8	13.34844398	12.6
226.9	12.52183723	12.2
227	11.88306618	11.9
227.1	11.58867359	11.5
227.2	11.14740086	11
227.3	10.53477001	10.6
227.4	9.971714973	10.3
227.5	9.637563705	9.96
227.6	9.354454994	9.55
227.7	8.892045975	9.27
227.8	8.514653206	9.04
227.9	8.417045593	8.62
228	8.21228981	8.06
228.1	7.810499668	7.73
228.2	7.494448662	7.64
228.3	7.524047852	7.38
228.4	7.573236465	6.9
228.5	7.392654419	6.55
228.6	7.216457844	6.38
228.7	7.162638187	6.22
228.8	7.178905964	5.98
228.9	7.111371517	5.77
229	6.962182045	5.74
229.1	6.812104702	5.79
229.2	6.688864708	5.79
229.3	6.450704575	5.91
229.4	6.15202713	6.27
229.5	5.891642094	6.72
229.6	5.612812519	7.13
229.7	5.244010925	7.62
229.8	4.821307182	8.28
229.9	4.508628845	8.96
230	4.268957138	9.59
230.1	4.048178673	10.3
230.2	4.017393112	11.1
230.3	4.283310413	11.8
230.4	4.662895203	12.5
230.5	5.187374115	13.4
230.6	5.94323349	14.1
230.7	6.744590759	14.8
230.8	7.467271328	15.6
230.9	8.338903427	16.5
231	9.371287346	17.2
231.1	10.32040787	17.8
231.2	11.05408192	18.5
231.3	11.77507782	19.2
231.4	12.54754734	19.7
231.5	13.18314266	20.2
231.6	13.64894581	20.9
231.7	14.1295557	21.7
231.8	14.72634697	22.4
231.9	15.35188961	22.8
232	15.71410942	23.3
232.1	15.90389442	24
232.2	16.25650215	24.5
232.3	16.6457119	24.7
232.4	16.73023605	24.9
232.5	16.72999382	25.3
232.6	16.8519516	25.4
232.7	16.92467499	25.1
232.8	16.65650558	24.8
232.9	16.22542191	24.6
233	15.95817757	24.2
233.1	15.70418835	23.7
233.2	15.28613281	23.3
233.3	14.95016861	22.9
233.4	14.68062019	22.3
233.5	14.27191639	21.7
233.6	13.80170822	21.1
233.7	13.49184322	20.5
233.8	13.15839577	19.9
233.9	12.76865578	19.2
234	12.46432972	18.5
234.1	12.15321732	17.8
234.2	11.8586092	17.2
234.3	11.60605812	16.5
234.4	11.50639439	15.8
234.5	11.3445158	14.9
234.6	11.12365437	14.1
234.7	10.97478294	13.3
234.8	10.88061237	12.4
234.9	10.75952244	11.5
235	10.67046452	10.6
235.1	10.59107685	9.81
235.2	10.621768	9.16
235.3	10.81449509	8.17
235.4	10.8370924	7.07
235.5	10.71780872	6.24
235.6	10.67032051	5.46
235.7	10.74446297	4.41
235.8	10.67931366	3.34
235.9	10.49576759	2.59
236	10.40559101	1.92
236.1	10.35168362	1.14
236.2	10.18358803	1.25
236.3	9.946359634	1.69
236.4	9.761379242	1.97
236.5	9.583593369	2.54
236.6	9.340815544	3.32
236.7	9.066527367	3.66
236.8	8.779959679	3.65
236.9	8.383704185	3.95
237	7.943204403	4.44
237.1	7.50816679	4.42
237.2	7.022333145	4.13
237.3	6.466388702	4.21
237.4	5.912837029	4.42
237.5	5.331814766	4.27
237.6	4.728345394	4.02
237.7	4.154790878	3.99
237.8	3.562510252	4.04
237.9	2.989064693	4.06
238	2.563591719	4.03
238.1	2.464594603	4.02
238.2	2.521739006	4.03
238.3	2.623430014	4.06
238.4	2.976534843	4.17
238.5	3.641160488	4.38
238.6	4.361119747	4.67
238.7	5.078902245	5.1
238.8	5.839897156	5.71
238.9	6.681835651	6.38
239	7.476754189	7.03
239.1	8.165266991	7.64
239.2	8.792294502	8.28
239.3	9.426729202	8.99
239.4	10.01732159	9.72
239.5	10.55611515	10.4
239.6	11.09607887	10.9
239.7	11.54794693	11.5
239.8	11.85605431	12.1
239.9	12.15410423	12.8
240	12.53407478	13.4
240.1	12.92592716	13.9
240.2	13.09718513	14.4
240.3	13.1643219	14.9
240.4	13.28751945	15.4
240.5	13.45811844	15.8
240.6	13.43808746	16.4
240.7	13.28747368	17
240.8	13.3525629	17.4
240.9	13.4048605	17.7
241	13.17995262	18.3
241.1	12.88930798	18.9
241.2	12.8754549	19.4
241.3	12.89297009	19.7
241.4	12.65886307	20.3
241.5	12.39640808	20.9
241.6	12.39541721	21.2
241.7	12.39725208	21.3
241.8	12.01910686	21.6
241.9	11.52857685	22.1
242	11.58134365	22.3
242.1	11.65354061	22.2
242.2	11.25676346	22.2
242.3	10.85008049	22.4
242.4	10.8010397	22.2
242.5	10.6817379	21.8
242.6	10.17193222	21.6
242.7	9.766577721	21.7
242.8	9.800436974	21.5
242.9	9.907410622	21
243	9.651107788	20.7
243.1	9.386027336	20.6
243.2	9.579198837	20.5
243.3	9.878400803	20
243.4	9.8185215	19.4
243.5	9.572463989	19.1
243.6	9.665121078	18.7
243.7	9.867874146	18.3
243.8	9.984857559	17.9
243.9	10.0812149	17.7
244	10.36920261	17.2
244.1	10.57954216	16.6
244.2	10.65180588	16.1
244.3	10.73661613	15.8
244.4	10.93688583	15.4
244.5	11.19631863	14.7
244.6	11.27034664	14.3
244.7	11.27854252	13.9
244.8	11.41564178	13.4
244.9	11.54622841	12.6
245	11.47376251	12.1
245.1	11.35364342	11.7
245.2	11.34712505	11.1
245.3	11.36574459	10.1
245.4	11.12863636	9.47
245.5	10.82800293	8.96
245.6	10.66908932	8.19
245.7	10.51106167	7.24
245.8	10.09731007	6.47
245.9	9.662005424	5.87
246	9.390936852	5.2
246.1	9.157846451	4.36
246.2	8.859363556	3.66
246.3	8.586844444	3.19
246.4	8.401762009	2.8
246.5	8.223568916	2.6
246.6	8.017580032	2.58
246.7	7.854405403	2.56
246.8	7.750440121	2.6
246.9	7.6553092	2.78
247	7.574128151	2.91
247.1	7.475575447	2.92
247.2	7.377575874	3.04
247.3	7.282497883	3.24
247.4	7.162707806	3.27
247.5	7.031053543	3.23
247.6	6.868437767	3.37
247.7	6.694666386	3.63
247.8	6.487685204	3.74
247.9	6.259273052	3.73
248	5.968346596	3.75
248.1	5.664466858	3.82
248.2	5.349594593	3.83
248.3	5.013436317	3.71
248.4	4.638541698	3.58
248.5	4.241270542	3.52
248.6	3.830183029	3.45
248.7	3.491203547	3.24
248.8	3.267686605	3
248.9	3.026374817	2.86
249	2.860436678	2.77
249.1	2.805519819	2.76
249.2	2.900164366	2.91
249.3	3.109898567	3.24
249.4	3.383609533	3.71
249.5	3.77741909	4.22
249.6	4.184829712	4.7
249.7	4.570840836	5.31
249.8	4.953698158	6.14
249.9	5.365123272	6.9
250	5.738650799	7.47
250.1	6.013049603	8.16
250.2	6.295345306	9.08
250.3	6.659732342	9.89
250.4	7.026962757	10.4
250.5	7.266913891	11
250.6	7.409111977	11.7
250.7	7.632929325	12.5
250.8	7.950254917	13.1
250.9	8.20255661	13.6
251	8.412800789	14
251.1	8.519126892	14.6
251.2	8.586241722	15.4
251.3	8.964468002	16
251.4	9.37008667	16.5
251.5	9.501186371	17.1
251.6	9.73999691	17.8
251.7	10.25746155	18.2
251.8	10.59466171	18.5
251.9	10.72214603	19.2
252	11.0214262	19.7
252.1	11.52939415	19.9
252.2	11.82178879	20.1
252.3	11.94107342	20.7
252.4	12.27474308	21
252.5	12.77063942	20.9
252.6	12.95221043	20.9
252.7	12.85008717	21
252.8	12.89858246	20.9
252.9	12.99539375	20.7
253	13.06219482	20.7
253.1	13.07703972	20.5
253.2	13.02305889	20.2
253.3	12.85661125	19.7
253.4	12.65020275	19.2
253.5	12.31469631	18.6
253.6	11.82212639	18.1
253.7	11.41175365	17.5
253.8	11.14431477	16.7
253.9	10.71156406	15.8
254	10.0563488	15.1
254.1	9.694055557	14.3
254.2	9.518694878	13.4
254.3	9.212772369	12.5
254.4	8.952039719	11.9
254.5	9.009459496	11.3
254.6	9.300661087	10.6
254.7	9.610494614	9.87
254.8	9.853178978	9.21
254.9	10.15222645	8.64
255	10.57396698	7.98
255.1	10.95206738	7.28
255.2	11.28779221	6.72
255.3	11.66636848	6.21
255.4	12.051157	5.63
255.5	12.38359547	5.13
255.6	12.67795658	4.78
255.7	12.94227695	4.4
255.8	13.15671825	4.09
255.9	13.36596966	3.95
256	13.61001873	3.69
256.1	13.72503185	3.57
256.2	13.7523365	3.86
256.3	13.83205223	4.09
256.4	13.92488575	4
256.5	13.84085464	4.13
256.6	13.71147537	4.62
256.7	13.68104362	4.75
256.8	13.56789589	4.45
256.9	13.20216656	4.45
257	12.73102283	4.72
257.1	12.40589809	4.57
257.2	12.00072384	4.05
257.3	11.32174015	3.77
257.4	10.57944584	3.68
257.5	9.943780899	3.2
257.6	9.232585907	2.33
257.7	8.272327423	1.67
257.8	7.243328094	1.19
257.9	6.252931595	0.802
258	5.229005337	1.37
258.1	4.12390852	2.15
258.2	3.096923351	2.84
258.3	2.279980659	3.61
258.4	1.783493042	4.49
258.5	1.835203409	5.39
258.6	2.442188978	6.11
258.7	3.320769072	6.66
258.8	4.013288975	7.33
258.9	4.594736576	8.1
259	5.352734566	8.7
259.1	6.172205925	9.26
259.2	6.771374702	9.97
259.3	7.297703266	10.7
259.4	7.891725063	11.3
259.5	8.506937981	11.8
259.6	8.945837021	12.2
259.7	9.175657272	12.7
259.8	9.443577766	13.3
259.9	9.8393507	14
260	10.1609745	14.6
260.1	10.42503929	15
260.2	10.63093758	15.3
260.3	10.72630882	15.6
260.4	10.75752831	15.9
260.5	10.69403267	16
260.6	10.62464237	16
260.7	10.52325439	16.2
260.8	10.27925968	16.3
260.9	10.03082848	16.2
261	9.846837044	16.1
261.1	9.673449516	16.2
261.2	9.337515831	16.1
261.3	9.041563988	15.6
261.4	8.643815994	15.3
261.5	8.17028904	15.3
261.6	7.931521893	15
261.7	7.707108498	14.2
261.8	7.114334583	13.7
261.9	6.577275753	13.3
262	6.289803982	12.8
262.1	6.040734768	12.1
262.2	5.839745522	11.6
262.3	5.84369421	11.3
262.4	6.100101948	10.9
262.5	6.500569344	10.5
262.6	6.963218689	10.1
262.7	7.449147701	9.73
262.8	7.935034275	9.54
262.9	8.543579102	9.28
263	9.191782951	8.95
263.1	9.791747093	8.67
263.2	10.32058239	8.35
263.3	10.77740574	7.95
263.4	11.21432495	7.57
263.5	11.58568954	7.34
263.6	11.89439201	7.08
263.7	12.14360619	6.58
263.8	12.29774189	6.09
263.9	12.37195015	5.86
264	12.40810394	5.76
264.1	12.35220242	5.43
264.2	12.22507763	5.02
264.3	12.00082588	4.78
264.4	11.7366333	4.63
264.5	11.40810585	4.38
264.6	11.0250597	4.12
264.7	10.60890579	3.94
264.8	10.12028694	3.75
264.9	9.578357697	3.54
265	9.017018318	3.35
265.1	8.46225071	3.2
265.2	7.895837307	3.07
265.3	7.297869205	2.93
265.4	6.708186626	2.78
265.5	6.109579563	2.67
265.6	5.567362309	2.53
265.7	5.047998905	2.38
265.8	4.553468704	2.36
265.9	4.076088905	2.43
266	3.753448963	2.24
266.1	3.472815275	1.91
266.2	3.048764467	1.82
266.3	2.655581951	1.84
266.4	2.521906376	1.58
266.5	2.372015953	1.25
266.6	2.010959148	1.19
266.7	1.801096559	1.34
266.8	1.914997935	1.3
266.9	2.088420153	1.16
267	1.952903032	1.35
267.1	1.965836525	1.78
267.2	2.306479454	1.89
267.3	2.563839436	1.83
267.4	2.445948124	2.25
267.5	2.470038414	2.88
267.6	2.835065842	2.94
267.7	3.012359619	2.73
267.8	2.689670801	3.15
267.9	2.5208323	3.87
268	2.853163958	3.98
268.1	2.972993612	3.75
268.2	2.571869135	4.06
268.3	2.256827116	4.77
268.4	2.370773077	5.21
268.5	2.482060432	5.41
268.6	2.382220984	5.8
268.7	2.254747629	6.48
268.8	2.377288818	7.08
268.9	2.591341496	7.36
269	2.626626492	7.64
269.1	2.449770927	8.1
269.2	2.398364067	8.51
269.3	2.486999273	8.66
269.4	2.44349122	8.8
269.5	2.209352016	9.21
269.6	2.061589956	9.66
269.7	2.125866413	9.94
269.8	2.203612566	10.3
269.9	2.121527672	10.9
270	2.065427303	11.6
270.1	2.364861012	12.1
270.2	2.779565811	12.5
270.3	2.965685606	13
270.4	3.103149414	13.6
270.5	3.486022949	14.1
270.6	3.971337557	14.3
270.7	4.254570007	14.5
270.8	4.351802826	14.8
270.9	4.570291042	15.1
271	4.996462822	15.2
271.1	5.383968353	15.1
271.2	5.452734947	15.1
271.3	5.415544033	15.2
271.4	5.65254879	15.2
271.5	6.048952579	14.9
271.6	6.160242558	14.8
271.7	6.166395187	14.8
271.8	6.48546505	14.4
271.9	6.712479115	13.9
272	6.549995899	13.7
272.1	6.489418983	13.3
272.2	6.655333519	12.5
272.3	6.571043968	11.9
272.4	6.276762486	11.7
272.5	6.22223711	11.4
272.6	6.355595589	10.9
272.7	6.368217945	10.5
272.8	6.33359766	10.5
272.9	6.443326473	10.5
273	6.684584141	10.1
273.1	6.778049946	9.81
273.2	6.786325455	9.79
273.3	6.958985806	9.49
273.4	7.184855938	8.92
273.5	7.21866703	8.6
273.6	7.169149399	8.54
273.7	7.346808434	8.13
273.8	7.594996452	7.46
273.9	7.565076828	7.1
274	7.579677582	6.96
274.1	7.818468571	6.52
274.2	8.114806175	5.99
274.3	8.199613571	5.74
274.4	8.382798195	5.59
274.5	8.643662453	5.3
274.6	8.915953636	5.03
274.7	9.159399986	4.87
274.8	9.444417	4.72
274.9	9.680094719	4.64
275	9.899999619	4.74
275.1	10.2339344	4.65
275.2	10.5202198	4.49
275.3	10.59757996	4.55
275.4	10.69512272	4.58
275.5	10.91341305	4.29
275.6	10.96155643	4.01
275.7	10.74053478	3.99
275.8	10.62476826	3.84
275.9	10.60614586	3.39
276	10.33413219	3.09
276.1	9.829554558	3.08
276.2	9.546685219	2.94
276.3	9.453430176	2.5
276.4	9.015272141	2.21
276.5	8.326245308	2.18
276.6	7.895859718	2.07
276.7	7.743202209	1.7
276.8	7.31133461	1.45
276.9	6.624688625	1.36
277	6.208182335	1.16
277.1	5.973233223	1.04
277.2	5.359397411	1.06
277.3	4.670437813	0.982
277.4	4.380279064	1.29
277.5	4.114901066	1.93
277.6	3.4333179	2.16
277.7	2.816772461	2.12
277.8	2.542875051	2.48
277.9	2.316906691	3.11
278	1.847341895	3.45
278.1	1.485058308	3.58
278.2	1.233285427	4.03
278.3	1.047875166	4.71
278.4	1.176541448	5.15
278.5	1.610388041	5.5
278.6	1.821517348	6.16
278.7	2.158843994	6.9
278.8	2.930080652	7.36
278.9	3.662985086	7.78
279	4.024851799	8.45
279.1	4.500032425	9.16
279.2	5.295866489	9.67
279.3	6.030672073	10.1
279.4	6.445126534	10.6
279.5	6.862977505	11.2
279.6	7.558514595	11.5
279.7	8.077735901	11.7
279.8	8.115391731	12.3
279.9	8.334181786	12.8
280	8.965902328	12.6
280.1	9.119447708	12.4
280.2	8.576719284	12.7
280.3	8.428647995	13
280.4	8.653710365	12.8
280.5	8.433670044	12.5
280.6	7.739450455	12.4
280.7	7.358172417	12.4
280.8	7.134845734	11.9
280.9	6.583487034	11.6
281	5.742521763	11.8
281.1	5.634640217	11.8
281.2	6.026403904	11.4
281.3	5.980968475	11
281.4	5.751688957	11.1
281.5	5.99755764	11
281.6	6.634901047	10.6
281.7	7.049499035	10.3
281.8	7.376523018	10.4
281.9	7.859103203	10.3
282	8.522834778	9.76
282.1	8.962587357	9.23
282.2	9.264095306	9.07
282.3	9.625926971	8.95
282.4	10.04172611	8.48
282.5	10.35524464	7.92
282.6	10.60126114	7.61
282.7	10.84708691	7.37
282.8	11.0278368	6.92
282.9	11.16764641	6.51
283	11.30569649	6.33
283.1	11.3915453	6.15
283.2	11.39381504	5.78
283.3	11.39387417	5.47
283.4	11.43154144	5.32
283.5	11.39895248	5.15
283.6	11.2388258	4.89
283.7	11.15701008	4.69
283.8	11.15854073	4.57
283.9	10.9906826	4.43
284	10.67013073	4.24
284.1	10.4947834	4.1
284.2	10.40574074	3.97
284.3	10.16128922	3.84
284.4	9.791060448	3.72
284.5	9.530386925	3.61
284.6	9.291168213	3.53
284.7	8.879266739	3.47
284.8	8.357457161	3.4
284.9	7.915046215	3.43
285	7.500144005	3.62
285.1	6.884764671	3.71
285.2	6.219716549	3.71
285.3	5.663324833	3.92
285.4	5.136139393	4.44
285.5	4.4650383	4.87
285.6	3.76012826	5.07
285.7	3.17295289	5.52
285.8	2.611556292	6.27
285.9	2.200402975	6.78
286	2.184047222	7
286.1	2.125614643	7.47
286.2	2.160190582	8.07
286.3	2.673486233	8.36
286.4	3.167951822	8.6
286.5	3.325564623	8.98
286.6	3.561572075	9.18
286.7	3.928324699	9.25
286.8	3.989093542	9.57
286.9	3.939282656	9.96
287	4.213898659	10
287.1	4.459998608	9.97
287.2	4.225812435	10.3
287.3	3.949579954	11
287.4	4.32084465	11.2
287.5	4.806599617	11.1
287.6	4.635056019	11.5
287.7	4.359434605	12.2
287.8	4.848401546	12.4
287.9	5.573409557	12.2
288	5.542638779	12.3
288.1	5.323680401	12.7
288.2	5.712627411	12.6
288.3	6.221121788	12.1
288.4	6.096677303	12
288.5	5.922275543	12.1
288.6	6.273254871	11.6
288.7	6.595252991	10.9
288.8	6.403179169	10.6
288.9	6.228190422	10.4
289	6.388338089	9.79
289.1	6.544355392	9.09
289.2	6.451686859	8.52
289.3	6.401010036	7.94
289.4	6.474953651	7.22
289.5	6.508736134	6.59
289.6	6.577020168	6.13
289.7	6.701958656	5.62
289.8	6.827855587	5.09
289.9	6.949519157	4.85
290	7.097619534	4.78
290.1	7.177503109	4.5
290.2	7.211074829	4.17
290.3	7.28347826	4.17
290.4	7.337369442	4.32
290.5	7.282550812	4.3
290.6	7.223599434	4.23
290.7	7.164468765	4.34
290.8	7.087142944	4.58
290.9	6.990046501	4.69
291	6.916511059	4.66
291.1	6.806465149	4.73
291.2	6.658107281	4.86
291.3	6.503880024	4.83
291.4	6.368144512	4.77
291.5	6.15930748	4.86
291.6	5.91737318	4.93
291.7	5.743160725	4.81
291.8	5.52426672	4.55
291.9	5.207066059	4.32
292	4.784710884	4.22
292.1	4.438738346	4.23
292.2	4.178080082	4.18
292.3	3.906009674	3.91
292.4	3.566697598	3.72
292.5	3.168750763	3.94
292.6	2.898988247	4.39
292.7	2.794423342	4.72
292.8	2.756787539	4.98
292.9	2.785068035	5.55
293	2.943870306	6.34
293.1	3.365531206	6.98
293.2	3.919025421	7.42
293.3	4.49911356	7.98
293.4	4.996694088	8.8
293.5	5.502967834	9.41
293.6	6.128956795	9.57
293.7	6.659833431	9.73
293.8	6.905184269	10.1
293.9	6.908027172	10.1
294	6.952174664	9.85
294.1	7.015028954	9.6
294.2	6.875470161	9.33
294.3	6.480233192	8.89
294.4	5.982525349	8.29
294.5	5.549856186	7.79
294.6	5.048483372	7.43
294.7	4.471409798	6.95
294.8	3.954337597	6.4
294.9	3.472451448	6.09
295	3.008333206	5.96
295.1	2.706028938	5.93
295.2	2.536099434	6.06
295.3	2.684935331	6.37
295.4	2.978937864	6.71
295.5	3.230783939	7.1
295.6	3.564676285	7.5
295.7	4.106880188	7.99
295.8	4.637849331	8.6
295.9	5.173978329	9.11
296	5.778699875	9.24
296.1	6.375664234	9.25
296.2	6.562575817	9.46
296.3	6.552258015	9.57
296.4	6.700218678	9.11
296.5	6.866703987	8.45
296.6	6.4638381	8.25
296.7	5.806685925	8.11
296.8	5.53993988	7.47
296.9	5.365541458	6.87
297	4.816809177	6.81
297.1	4.265474319	6.76
297.2	4.047276974	6.37
297.3	3.822587729	6.23
297.4	3.417018175	6.52
297.5	3.126247883	6.79
297.6	3.046913147	6.88
297.7	2.938419342	7.2
297.8	2.701291323	8.08
297.9	2.683958054	9.02
298	3.170974493	9.53
298.1	3.717908382	9.99
298.2	3.844166756	10.8
298.3	4.114586353	11.5
298.4	4.82380724	11.9
298.5	5.35850668	12.3
298.6	5.44108057	12.9
298.7	5.729347229	13.1
298.8	6.192671776	13.1
298.9	6.286324978	13.3
299	6.080537796	13.4
299.1	6.069221973	13.2
299.2	6.208827496	12.8
299.3	6.002419472	12.6
299.4	5.404055119	12.6
299.5	5.087891579	12.5
299.6	5.193397522	12.4
299.7	5.230316162	12.3
299.8	5.078107357	12.4
299.9	5.087955952	12.4
300	5.277745247	12.5
